0 6 0
2 5 2
4 3 3
7 9 6
3 1 8
1 10 10
0 7 11
6 2 12
1 0 14
1 2 15
5 0 16
9 3 19
4 6 20
4 5 21
8 5 24
5 6 28
7 6 31
3 10 33
8 9 34
8 3 39
0 4 40
3 0 41
7 10 43
9 4 44
3 9 45
2 3 46
2 4 49
0 6 51
3 8 55
5 6 56
2 0 57
10 2 59
0 2 61
1 6 62
3 7 63
0 10 64
9 7 67
10 2 68
8 3 71
6 3 72
0 9 74
0 1 75
4 3 76
9 7 79
0 3 80
5 0 81
8 0 83
2 10 86
9 5 87
8 4 91
0 10 93
7 8 97
8 2 99
0 1 101
0 1 102
3 10 103
4 9 106
1 9 110
7 3 111
4 6 113
0 7 117
4 8 119
0 3 121
7 0 122
3 5 123
5 4 126
2 3 128
7 4 130
7 4 131
7 8 132
0 2 133
10 1 137
4 9 139
8 10 145
5 9 147
10 2 148
10 8 150
2 1 152
3 0 153
5 10 154
9 0 157
7 2 159
10 0 160
0 10 162
0 9 166
8 2 168
1 2 172
8 7 174
5 4 176
8 5 179
3 0 180
5 1 184
5 8 185
9 7 187
3 4 190
0 10 191
8 4 192
9 4 194
9 5 195
5 7 196
2 0 199
9 5 205
4 9 208
1 2 209
5 10 210
5 6 211
9 0 213
7 3 215
10 3 219
8 7 221
5 0 222
0 6 223
3 6 225
9 10 226
10 1 227
6 0 229
9 10 230
5 4 231
3 5 232
3 5 234
0 8 235
4 5 236
8 0 237
1 2 239
8 0 242
3 4 244
3 0 247
9 0 248
5 9 250
7 10 253
6 0 260
3 0 267
6 9 271
5 7 277
0 2 278
0 7 285
3 4 290
2 10 292
8 4 293
0 1 294
8 0 299
4 1 300
9 10 301
4 10 307
4 1 308
7 10 310
0 6 313
6 9 314
8 10 317
5 3 318
0 9 319
7 2 320
3 2 323
9 3 325
7 8 332
1 3 336
10 1 337
10 8 338
10 6 342
2 8 343
0 5 344
6 0 345
3 6 347
10 4 349
10 3 350
8 3 353
7 2 354
5 4 355
0 1 356
0 7 357
8 0 358
9 3 359
10 2 365
8 7 370
0 1 371
0 1 372
7 0 374
0 9 375
5 10 377
4 3 378
0 7 379
4 6 380
2 9 382
2 1 384
5 3 385
9 7 388
7 5 389
3 5 391
6 7 392
4 3 396
0 10 397
6 1 398
4 7 400
4 3 403
0 10 406
4 0 407
7 1 409
6 3 411
7 2 414
1 9 415
1 0 416
0 2 418
1 0 421
1 9 422
0 10 424
9 2 427
6 4 428
10 0 432
9 0 434
6 8 435
0 8 438
7 3 439
6 5 440
7 4 445
1 4 446
3 9 448
7 5 452
4 10 453
10 2 454
1 6 455
3 0 456
7 2 457
4 1 459
2 10 460
4 5 463
6 9 465
1 7 466
10 8 467
5 2 470
5 0 471
1 0 473
9 3 474
9 5 476
5 7 479
8 3 481
10 2 486
5 7 487
3 4 488
4 10 489
5 2 490
3 0 495
6 2 498
3 9 499
8 5 504
7 10 506
5 1 509
2 4 510
5 4 511
5 10 512
10 9 514
5 0 517
2 7 521
10 0 523
1 9 525
4 6 526
3 7 529
1 4 530
3 2 531
5 8 533
2 8 535
6 0 536
2 5 537
7 9 538
3 6 539
4 6 543
2 1 544
6 7 546
1 9 547
6 9 548
8 4 549
2 0 550
3 0 552
7 6 553
1 7 555
7 10 557
6 9 558
5 10 560
6 7 561
2 7 562
3 8 563
3 0 564
10 2 565
9 3 566
3 2 571
0 10 573
8 7 579
5 3 581
3 10 583
8 6 592
3 7 593
8 0 594
7 5 598
0 8 599
3 7 600
8 0 601
6 10 606
1 8 616
9 7 617
2 1 619
5 7 622
0 3 623
7 9 624
1 9 625
3 1 626
1 7 627
7 6 628
10 0 632
0 8 633
5 6 638
5 2 640
0 10 641
3 7 644
10 2 645
9 4 646
1 6 652
4 6 653
3 10 657
4 7 658
6 5 659
0 1 660
3 0 662
10 6 664
4 5 665
10 4 666
3 7 667
0 10 668
8 2 669
1 9 672
8 9 673
6 10 675
0 5 677
5 8 683
0 2 684
7 0 685
9 1 687
6 8 688
0 1 691
2 4 694
3 4 695
1 2 696
0 10 697
1 2 698
6 5 700
6 1 702
0 7 703
6 8 705
1 0 709
10 8 710
9 8 711
1 6 713
1 0 715
7 9 717
2 6 718
6 3 719
2 7 721
4 1 724
5 10 725
6 5 726
2 5 727
4 10 730
0 3 732
4 9 733
9 0 737
3 2 738
1 7 739
7 1 740
6 1 743
0 4 744
1 4 745
1 6 747
0 5 748
0 6 749
2 6 750
8 3 751
9 3 752
10 9 753
2 10 756
4 2 758
8 2 759
2 6 762
0 1 764
9 6 766
2 5 769
0 9 772
4 9 773
8 6 775
8 6 776
10 0 777
4 8 778
4 6 781
8 0 782
8 2 784
9 2 786
7 6 787
2 0 789
9 10 792
10 5 794
1 0 795
9 8 797
4 3 798
6 0 801
1 3 803
5 10 809
6 5 812
5 6 814
3 9 818
5 8 819
0 4 824
5 6 825
8 5 826
1 0 827
10 8 829
0 10 832
7 5 838
10 8 839
4 10 840
8 9 841
2 7 842
0 9 844
6 1 845
0 10 846
3 9 848
10 1 849
7 6 851
10 7 853
6 5 855
0 4 856
10 2 857
8 0 860
4 8 863
2 0 868
3 10 869
10 5 870
2 10 871
9 10 875
10 8 876
0 7 877
5 10 884
4 8 886
0 8 889
7 0 892
9 5 893
9 8 894
4 7 895
6 1 899
9 10 901
5 4 902
10 5 903
10 8 907
3 5 909
7 0 913
5 10 916
5 6 917
9 5 918
3 0 919
5 1 920
2 7 921
10 4 923
4 1 924
1 2 926
6 0 927
9 4 929
4 2 933
10 5 934
2 8 935
0 7 937
2 9 938
0 7 939
2 3 945
7 3 948
0 8 949
9 4 951
5 4 952
9 2 953
3 2 954
2 7 955
3 4 958
3 5 959
2 4 962
9 7 963
0 9 964
9 2 965
8 5 969
10 1 970
3 10 971
8 1 979
9 5 983
7 1 986
4 9 987
9 4 989
1 0 990
3 0 991
1 6 992
3 10 994
10 4 995
0 5 997
2 8 999
5 8 1000
6 2 1002
1 3 1004
3 0 1005
7 8 1007
5 3 1009
2 1 1011
1 9 1015
4 1 1017
9 8 1021
0 6 1025
1 4 1028
4 8 1030
10 0 1031
4 10 1035
9 4 1037
7 0 1038
5 6 1039
2 7 1040
3 9 1041
2 0 1042
1 5 1044
2 0 1045
6 0 1049
10 0 1050
3 7 1053
9 5 1055
2 4 1059
5 3 1060
5 1 1064
9 7 1065
4 9 1067
10 8 1072
7 0 1076
4 2 1077
7 8 1078
0 8 1081
7 6 1082
7 2 1084
0 7 1086
10 3 1087
9 4 1088
0 2 1091
0 2 1095
5 4 1100
10 4 1101
7 4 1102
5 3 1103
7 10 1104
5 8 1105
0 8 1109
8 3 1111
3 9 1112
6 0 1117
8 5 1119
8 3 1122
1 3 1123
9 5 1125
7 0 1127
1 7 1129
1 4 1131
9 0 1136
3 4 1142
2 0 1144
0 5 1148
2 6 1149
0 6 1150
6 1 1153
6 9 1154
7 10 1155
9 0 1156
9 5 1157
1 6 1158
10 0 1159
4 9 1170
3 5 1173
9 4 1174
6 10 1178
3 9 1179
2 10 1192
6 1 1193
3 1 1196
2 10 1199
6 0 1201
0 2 1202
8 2 1205
3 2 1206
4 9 1211
4 1 1212
8 6 1214
6 7 1218
6 7 1219
2 4 1220
8 0 1221
4 10 1222
1 4 1223
10 8 1224
4 9 1225
10 9 1226
0 2 1227
8 10 1228
4 8 1229
8 1 1230
5 0 1231
0 6 1234
0 8 1240
8 4 1241
7 3 1243
1 3 1246
5 2 1247
7 0 1249
1 6 1252
4 3 1253
0 3 1256
4 0 1257
9 3 1263
0 5 1266
0 10 1267
2 9 1270
5 4 1274
3 6 1275
5 3 1276
7 10 1277
2 0 1280
9 1 1281
0 8 1282
8 0 1287
3 9 1289
9 4 1293
6 2 1297
5 7 1298
6 8 1301
7 0 1302
0 1 1306
3 6 1308
1 7 1310
7 6 1312
10 1 1313
3 4 1314
1 10 1315
10 1 1316
4 2 1317
4 10 1319
3 0 1320
7 3 1323
3 7 1324
7 4 1327
4 3 1328
6 2 1329
9 10 1332
3 0 1335
4 9 1336
3 6 1337
0 7 1338
7 8 1339
3 0 1340
2 6 1344
1 7 1346
10 2 1348
4 2 1352
2 5 1354
7 10 1355
1 2 1357
1 0 1358
8 1 1360
6 0 1362
0 1 1364
0 3 1366
7 5 1370
8 4 1371
8 6 1373
1 0 1375
7 2 1376
5 0 1378
0 6 1379
9 6 1380
4 7 1382
10 7 1385
9 2 1392
5 4 1393
3 2 1394
2 6 1396
0 1 1397
5 0 1398
5 4 1399
9 1 1401
2 0 1402
0 7 1404
10 3 1408
0 9 1412
0 5 1416
5 2 1419
3 7 1423
0 6 1424
5 6 1426
10 9 1428
1 8 1429
3 9 1431
8 0 1432
3 4 1433
3 9 1435
5 2 1436
8 9 1437
10 0 1438
7 8 1440
4 5 1441
5 1 1442
3 0 1445
4 2 1447
0 6 1449
10 4 1453
7 0 1454
8 0 1456
0 2 1459
8 2 1460
10 2 1462
2 8 1463
1 9 1467
5 6 1470
0 8 1471
4 0 1475
9 8 1476
6 1 1479
6 0 1481
1 5 1482
6 9 1483
10 1 1487
6 8 1488
7 1 1489
5 10 1490
6 8 1491
3 7 1493
6 8 1494
0 7 1496
4 9 1497
1 10 1498
1 6 1502
0 7 1505
6 4 1506
6 7 1507
3 5 1509
0 7 1510
5 1 1514
0 6 1515
4 2 1518
8 2 1519
5 7 1520
6 2 1523
3 7 1526
9 8 1527
2 0 1528
5 0 1529
1 10 1530
4 0 1532
2 9 1533
3 10 1536
0 4 1542
7 1 1544
0 4 1547
7 2 1552
1 4 1555
3 0 1556
2 5 1558
4 0 1561
4 6 1565
7 8 1566
8 1 1568
7 0 1569
6 9 1570
10 4 1572
1 2 1575
7 4 1576
7 9 1577
0 7 1581
8 5 1583
9 5 1584
5 2 1585
2 8 1590
9 10 1592
4 1 1593
3 8 1594
9 8 1595
8 7 1600
0 7 1601
2 8 1602
6 2 1603
5 3 1604
7 6 1608
3 8 1610
9 7 1611
8 9 1612
3 4 1613
9 6 1614
3 0 1616
5 10 1620
4 2 1624
1 8 1625
3 0 1627
10 5 1631
8 5 1634
9 4 1637
8 7 1638
3 9 1639
0 9 1643
1 6 1647
9 6 1653
1 5 1657
10 9 1659
9 6 1660
0 8 1662
4 9 1663
2 0 1664
7 1 1666
0 9 1667
1 0 1669
4 10 1670
2 3 1671
2 6 1672
3 9 1674
10 9 1675
4 7 1677
2 6 1679
3 6 1680
0 8 1686
5 1 1687
9 7 1688
3 6 1690
1 0 1691
6 5 1692
9 7 1693
1 2 1694
4 2 1696
6 8 1697
0 3 1699
5 8 1701
6 9 1704
6 8 1707
7 9 1709
8 1 1711
1 7 1713
6 1 1715
10 8 1718
2 6 1721
8 0 1722
6 0 1724
3 8 1725
3 0 1726
5 10 1731
0 6 1732
8 3 1734
9 7 1736
2 7 1737
0 1 1741
10 0 1747
10 3 1751
2 1 1752
8 2 1754
5 2 1756
10 4 1758
8 1 1760
1 0 1762
1 8 1763
7 2 1764
5 0 1766
0 6 1770
6 10 1772
6 1 1773
4 7 1774
1 3 1777
6 9 1783
9 8 1785
4 3 1786
0 3 1787
0 6 1789
8 4 1790
3 4 1792
6 10 1798
8 3 1801
1 9 1802
2 6 1803
0 1 1805
4 0 1806
7 3 1807
0 6 1808
3 8 1809
0 5 1810
1 4 1811
7 5 1812
5 8 1815
0 10 1817
1 9 1819
10 8 1821
0 4 1825
7 0 1828
3 4 1833
1 0 1834
9 0 1835
5 4 1836
6 7 1838
8 7 1839
0 10 1840
2 4 1841
1 3 1842
0 5 1844
6 9 1846
7 2 1848
2 7 1853
10 1 1854
9 4 1856
6 10 1858
5 8 1860
0 4 1866
9 3 1867
0 6 1868
1 6 1869
2 7 1870
1 9 1872
9 0 1874
3 1 1880
0 9 1883
3 5 1884
8 7 1887
6 3 1890
0 2 1893
3 7 1894
4 5 1897
5 0 1898
7 6 1900
9 1 1901
8 10 1903
8 7 1904
3 7 1905
8 2 1907
0 6 1908
7 6 1912
1 10 1913
9 1 1916
5 4 1918
8 7 1924
0 7 1926
1 8 1927
7 0 1928
3 10 1933
0 4 1934
10 6 1943
4 0 1944
10 0 1945
0 10 1946
8 6 1947
5 4 1950
5 1 1951
9 7 1952
0 8 1953
0 5 1955
2 6 1956
4 10 1959
8 0 1962
1 3 1963
9 10 1965
6 1 1967
4 1 1968
8 9 1970
8 5 1972
0 2 1976
0 5 1982
6 9 1983
3 10 1985
10 7 1986
0 7 1987
8 4 1989
1 6 1990
3 9 1991
0 9 1992
2 0 1994
1 10 1995
2 7 1996
4 7 1998
6 5 2000
7 5 2002
5 4 2003
2 8 2004
10 7 2006
7 2 2007
4 0 2008
7 2 2009
5 8 2011
5 9 2012
4 6 2014
8 1 2016
5 2 2019
9 7 2020
2 0 2021
6 2 2023
10 0 2024
6 1 2025
1 6 2028
0 5 2029
3 4 2031
6 4 2032
5 10 2036
6 1 2040
1 8 2044
2 1 2045
0 8 2048
9 1 2049
5 7 2051
4 6 2052
6 10 2053
7 5 2058
7 10 2060
2 6 2062
4 10 2063
9 6 2064
0 10 2065
9 8 2067
4 8 2068
8 5 2072
9 3 2079
2 0 2080
6 9 2082
2 6 2084
10 7 2085
6 3 2087
2 0 2088
2 7 2089
0 1 2090
4 6 2094
8 2 2096
5 1 2099
2 9 2102
0 1 2104
5 7 2105
2 3 2107
0 10 2109
0 1 2112
2 6 2113
1 5 2115
10 7 2119
9 4 2123
5 0 2127
2 4 2128
2 3 2129
10 1 2131
0 7 2132
0 2 2133
6 0 2136
5 4 2137
3 0 2138
1 8 2143
10 8 2144
4 8 2147
0 10 2153
9 6 2154
8 0 2155
10 2 2156
3 8 2157
2 0 2159
6 0 2161
5 4 2162
10 1 2163
1 6 2165
5 3 2166
0 1 2167
1 0 2171
1 8 2173
1 7 2180
7 10 2181
3 9 2183
1 9 2186
4 1 2187
5 10 2190
0 9 2191
1 6 2192
0 1 2193
2 9 2195
8 7 2197
9 1 2201
0 9 2203
9 3 2204
8 3 2205
6 4 2206
9 3 2207
0 1 2208
2 0 2211
1 10 2212
4 10 2213
8 9 2215
9 10 2216
1 9 2217
3 2 2218
6 10 2220
6 10 2222
6 0 2223
0 5 2224
1 5 2227
5 1 2231
4 9 2232
0 2 2234
10 6 2236
9 4 2240
10 1 2243
4 1 2245
4 1 2246
0 4 2249
8 2 2250
9 6 2251
0 5 2254
9 3 2256
3 0 2257
1 6 2260
7 2 2262
6 3 2263
4 1 2264
10 0 2268
1 4 2273
2 10 2276
8 10 2280
1 10 2281
0 10 2283
7 9 2284
1 6 2285
0 1 2286
5 2 2287
8 0 2291
3 9 2292
9 3 2296
9 3 2297
6 10 2298
0 9 2299
7 10 2300
5 10 2304
7 0 2306
10 9 2309
0 7 2310
5 3 2311
7 5 2313
5 7 2317
9 10 2318
1 0 2319
0 1 2320
0 2 2322
1 2 2323
6 2 2328
0 6 2330
8 6 2333
6 2 2335
7 6 2336
6 10 2338
0 2 2340
8 9 2343
8 2 2344
2 7 2347
3 9 2349
5 0 2351
4 7 2352
7 8 2354
7 0 2363
7 6 2365
10 6 2366
9 1 2367
7 4 2368
6 10 2373
9 8 2374
0 9 2380
8 6 2381
4 7 2385
8 4 2386
5 2 2387
1 3 2389
1 8 2390
6 9 2394
7 4 2396
1 0 2398
8 0 2402
5 10 2403
0 4 2405
2 7 2407
7 4 2408
5 0 2409
1 2 2414
6 7 2415
10 2 2419
0 9 2420
5 0 2423
2 1 2424
5 4 2425
0 5 2426
0 7 2427
9 1 2431
0 5 2434
4 7 2435
5 8 2436
6 8 2438
0 2 2439
5 8 2440
9 1 2441
0 6 2443
10 2 2444
10 3 2446
4 2 2448
6 5 2449
0 7 2450
4 2 2452
6 0 2454
1 6 2455
2 0 2456
9 4 2460
4 3 2462
3 7 2463
8 9 2465
1 9 2468
8 5 2471
9 5 2472
1 0 2474
3 6 2476
7 5 2478
4 7 2479
10 6 2480
6 7 2481
5 0 2482
7 6 2483
3 2 2484
8 10 2485
0 7 2488
3 4 2490
5 1 2491
9 1 2495
0 9 2499
8 5 2503
2 4 2504
5 9 2507
0 10 2509
10 4 2515
0 10 2517
5 3 2518
9 10 2520
2 1 2526
0 10 2528
9 8 2530
7 0 2534
8 7 2537
1 3 2538
6 3 2539
5 0 2540
3 6 2543
10 8 2545
9 10 2549
2 3 2550
10 3 2552
10 2 2554
7 4 2556
0 8 2557
8 3 2568
7 0 2571
8 5 2572
1 0 2577
10 5 2579
7 10 2581
4 3 2586
10 6 2587
3 2 2588
6 0 2594
6 4 2595
7 0 2596
7 4 2597
2 3 2598
0 5 2599
7 8 2602
8 4 2606
6 0 2607
4 0 2608
1 3 2611
10 8 2614
0 9 2615
1 10 2616
5 10 2618
2 3 2619
5 0 2620
3 5 2621
3 1 2622
7 0 2623
7 5 2625
2 3 2626
0 10 2633
4 1 2634
1 10 2636
4 1 2637
9 6 2639
10 8 2640
2 7 2643
4 7 2644
5 9 2645
10 3 2648
6 0 2650
4 5 2652
7 6 2656
3 6 2657
3 4 2658
8 0 2663
6 8 2664
6 1 2666
3 10 2668
4 1 2673
0 1 2677
0 6 2679
6 4 2680
1 5 2682
7 0 2683
4 9 2684
3 4 2685
3 6 2693
7 3 2697
2 10 2699
0 9 2700
3 9 2701
1 10 2702
7 2 2704
0 5 2705
2 8 2708
7 10 2710
8 10 2711
10 8 2712
6 3 2714
0 4 2717
7 10 2718
9 7 2721
3 7 2722
10 9 2723
7 8 2724
5 0 2725
0 10 2726
6 1 2732
2 0 2733
0 8 2734
2 9 2735
10 5 2736
8 10 2737
3 10 2738
9 3 2741
2 3 2742
10 9 2743
9 0 2747
4 0 2748
4 0 2754
2 5 2757
6 5 2759
9 2 2760
7 3 2761
3 1 2762
0 6 2764
2 8 2765
2 6 2766
7 0 2770
6 0 2771
2 8 2773
2 8 2775
1 9 2776
4 3 2777
10 8 2778
5 9 2779
2 7 2785
2 8 2787
3 7 2792
0 3 2793
6 5 2795
5 0 2797
5 10 2798
0 6 2799
2 7 2804
2 8 2805
2 0 2806
2 4 2808
9 8 2809
0 2 2811
4 5 2815
5 2 2817
5 8 2818
0 2 2819
9 1 2820
7 0 2824
3 6 2825
8 3 2826
3 7 2828
2 0 2830
7 6 2832
10 5 2833
1 8 2835
2 7 2839
3 1 2840
10 3 2843
1 5 2845
9 5 2849
10 4 2851
0 3 2852
5 0 2853
10 3 2854
5 4 2858
4 9 2859
5 8 2861
6 4 2862
9 10 2863
1 0 2867
4 0 2868
0 2 2871
8 7 2872
2 9 2873
7 5 2874
2 3 2875
4 7 2877
6 0 2879
7 0 2880
9 5 2882
1 7 2883
0 8 2886
6 8 2887
1 0 2888
5 4 2889
8 4 2890
6 4 2891
3 0 2893
7 10 2894
10 6 2897
10 3 2900
9 0 2903
0 8 2905
7 5 2909
3 10 2911
3 5 2915
1 4 2916
7 9 2920
9 4 2922
1 8 2923
3 6 2927
7 0 2928
3 5 2929
5 2 2933
3 4 2934
8 1 2935
3 8 2936
2 9 2941
9 7 2944
1 5 2945
0 8 2946
0 8 2947
5 8 2948
4 2 2949
9 0 2951
9 7 2952
2 9 2953
1 6 2957
7 0 2962
8 5 2964
10 2 2965
0 10 2970
4 1 2971
1 8 2973
3 10 2975
7 1 2978
6 9 2979
0 1 2980
4 7 2982
2 5 2983
10 0 2987
8 0 2988
0 9 2989
4 1 2991
3 2 2992
2 1 2993
9 6 2995
5 6 3001
3 4 3004
2 3 3005
9 5 3007
0 1 3012
8 3 3014
0 1 3015
9 6 3016
0 7 3018
10 3 3020
4 2 3022
7 5 3025
9 2 3026
6 1 3027
6 0 3028
4 9 3033
8 2 3035
4 9 3037
0 1 3040
9 5 3043
5 3 3045
0 9 3046
1 2 3047
5 7 3051
8 0 3053
10 2 3055
9 1 3060
9 6 3061
7 4 3062
9 4 3063
8 4 3066
7 1 3068
7 4 3070
1 7 3073
0 5 3074
5 2 3075
0 3 3079
4 0 3081
6 0 3082
3 1 3083
5 1 3084
2 10 3086
4 5 3090
7 10 3091
2 0 3092
2 5 3093
6 9 3094
8 3 3097
3 8 3098
3 10 3103
0 3 3104
4 8 3105
8 3 3106
3 2 3109
0 10 3111
10 2 3115
10 0 3119
3 8 3120
10 1 3123
4 1 3125
9 4 3127
7 10 3131
2 8 3133
9 6 3135
0 8 3136
0 10 3138
1 7 3139
10 9 3140
9 1 3141
0 5 3143
4 8 3145
4 6 3148
0 3 3149
7 2 3150
0 5 3151
10 5 3153
8 4 3157
3 10 3160
3 5 3161
9 0 3163
10 7 3164
9 4 3165
1 10 3166
4 6 3167
0 9 3168
2 4 3169
10 3 3172
8 6 3173
3 7 3175
4 7 3178
5 7 3182
9 10 3183
3 4 3188
7 1 3189
0 8 3190
3 5 3192
5 1 3193
2 4 3194
0 4 3196
3 7 3198
3 6 3206
8 9 3208
9 3 3209
9 5 3210
0 2 3211
2 6 3213
9 7 3214
6 0 3215
10 8 3217
1 5 3219
2 5 3224
9 10 3225
2 0 3230
5 1 3232
0 7 3236
7 9 3237
7 10 3240
7 6 3241
8 6 3242
9 3 3244
10 4 3248
7 5 3249
9 7 3251
0 9 3254
0 3 3255
4 0 3256
3 10 3257
8 3 3260
0 1 3263
5 9 3265
5 2 3271
10 7 3272
10 5 3274
1 2 3275
10 0 3278
8 2 3280
9 5 3281
3 5 3284
5 7 3291
4 10 3292
7 1 3293
7 6 3294
9 1 3298
1 2 3299
0 5 3300
6 0 3303
2 3 3308
5 0 3309
5 9 3311
3 4 3315
4 1 3319
5 8 3320
2 4 3322
9 3 3324
0 6 3325
1 6 3327
8 5 3330
0 7 3331
9 5 3332
1 2 3333
4 6 3337
8 0 3338
4 2 3340
9 6 3341
3 0 3345
8 9 3347
2 8 3348
4 5 3356
7 2 3358
0 9 3360
7 9 3361
10 3 3364
7 10 3366
6 4 3369
0 10 3371
7 4 3372
9 5 3376
5 6 3377
4 6 3378
1 3 3380
7 1 3385
1 4 3386
9 8 3387
0 1 3388
3 0 3390
8 1 3391
3 9 3392
10 8 3394
5 10 3396
6 1 3397
4 5 3400
4 6 3401
7 8 3402
4 6 3406
0 3 3407
6 8 3408
1 9 3410
1 7 3415
6 2 3418
0 8 3419
0 10 3423
10 9 3427
10 9 3428
6 8 3430
0 5 3432
9 2 3433
2 9 3440
5 2 3446
6 9 3447
1 9 3448
7 8 3451
0 9 3454
4 9 3455
3 0 3456
3 0 3458
7 10 3459
9 4 3460
7 3 3463
6 1 3471
4 9 3472
8 5 3473
8 9 3474
5 3 3475
10 3 3476
0 10 3477
2 10 3479
7 6 3481
3 7 3484
2 3 3486
5 2 3489
2 6 3491
9 8 3494
8 6 3495
5 2 3499
0 1 3500
5 9 3502
8 4 3506
6 4 3508
1 7 3510
8 9 3514
5 9 3517
10 2 3518
1 7 3519
5 3 3520
2 0 3523
5 3 3524
5 0 3529
10 7 3531
2 6 3535
3 2 3536
5 0 3538
8 1 3539
7 4 3542
5 0 3543
1 0 3546
0 1 3548
4 1 3549
4 9 3551
9 2 3552
10 9 3554
4 2 3555
9 10 3560
0 2 3562
2 1 3564
5 0 3565
4 1 3566
0 4 3570
3 7 3573
4 3 3575
1 10 3579
8 6 3581
3 8 3582
6 5 3583
2 8 3585
0 4 3587
6 10 3590
10 0 3592
10 3 3595
7 8 3597
2 0 3598
10 1 3599
2 5 3600
2 4 3606
3 7 3609
0 5 3613
3 5 3614
5 6 3615
4 7 3616
5 10 3617
10 8 3618
6 2 3619
7 2 3620
2 5 3626
5 10 3627
0 1 3630
10 7 3633
7 5 3634
7 4 3635
7 10 3636
10 3 3637
3 8 3641
9 3 3644
6 2 3645
5 7 3646
9 0 3647
5 6 3648
7 0 3649
2 7 3650
3 10 3651
10 2 3655
0 2 3656
3 10 3657
5 6 3659
9 10 3661
10 0 3664
4 3 3666
4 0 3667
9 0 3668
0 9 3671
4 2 3673
10 0 3675
8 5 3676
9 0 3677
0 9 3678
0 9 3682
7 8 3683
8 9 3684
6 0 3686
6 8 3687
6 10 3694
4 8 3695
10 9 3698
7 6 3699
3 8 3702
9 0 3704
6 0 3711
6 10 3713
9 5 3717
5 1 3721
2 1 3722
4 0 3725
10 1 3726
9 0 3727
6 2 3729
0 10 3731
3 9 3734
8 2 3735
6 1 3740
8 5 3741
4 6 3743
8 9 3745
6 5 3747
5 6 3748
8 5 3754
2 0 3756
9 10 3758
9 6 3762
1 0 3764
4 0 3766
8 7 3767
4 7 3769
5 1 3770
9 4 3772
7 8 3775
6 0 3776
1 8 3780
5 3 3786
10 8 3787
0 4 3788
1 6 3795
7 0 3796
10 4 3797
2 3 3800
3 6 3801
2 0 3802
2 3 3804
2 0 3805
5 10 3807
3 0 3809
7 9 3811
3 9 3814
10 0 3816
5 2 3817
7 3 3818
0 10 3820
8 2 3821
3 6 3822
7 0 3825
6 2 3828
4 10 3830
9 3 3831
4 3 3837
3 10 3841
4 5 3843
5 0 3845
5 10 3847
3 8 3848
0 5 3851
2 6 3852
6 0 3853
9 6 3854
4 7 3856
7 10 3857
1 7 3861
0 2 3864
6 0 3865
3 0 3867
5 4 3871
1 6 3872
1 2 3873
5 10 3874
0 9 3875
4 5 3876
3 5 3877
5 0 3879
5 6 3881
4 5 3882
6 9 3884
8 2 3886
4 1 3889
1 2 3892
1 8 3896
1 0 3898
0 9 3901
10 0 3902
9 3 3907
2 7 3908
9 4 3910
10 5 3911
3 0 3913
3 5 3915
1 3 3918
1 3 3921
3 4 3923
0 3 3924
6 8 3930
9 0 3931
2 9 3933
9 5 3935
5 10 3936
10 1 3940
5 2 3941
3 0 3942
1 2 3943
0 10 3945
1 10 3947
3 10 3948
5 2 3950
10 3 3951
0 8 3952
1 0 3955
2 0 3956
9 4 3957
3 9 3959
4 0 3961
3 4 3962
8 6 3965
6 5 3967
5 6 3968
5 2 3969
6 1 3970
8 9 3971
6 10 3973
3 4 3975
0 6 3976
0 4 3977
8 5 3978
0 3 3979
4 1 3980
6 7 3984
4 10 3985
9 2 3987
10 4 3988
0 1 3990
0 8 3991
9 10 3992
10 6 3993
0 5 3994
10 0 3995
4 1 3996
3 2 3997
1 4 3998
7 10 4000
8 9 4003
5 0 4005
4 9 4006
10 2 4009
3 1 4012
5 2 4013
8 2 4014
10 7 4018
6 8 4021
4 1 4022
6 0 4023
0 9 4024
9 0 4025
8 1 4029
3 8 4032
2 4 4033
3 8 4037
4 6 4038
5 1 4039
4 1 4040
4 0 4041
1 0 4042
9 1 4043
9 8 4046
3 0 4047
9 1 4051
2 3 4055
4 7 4056
4 1 4057
3 7 4058
4 5 4059
3 0 4060
4 6 4062
0 1 4063
9 1 4064
10 6 4065
2 5 4069
9 8 4070
3 10 4073
4 5 4074
6 7 4075
8 0 4077
2 1 4078
3 10 4079
5 1 4080
10 5 4081
8 4 4082
8 5 4083
6 10 4084
1 2 4088
10 5 4089
5 0 4091
8 2 4092
0 7 4096
9 3 4098
3 1 4099
4 0 4101
4 10 4102
0 9 4103
4 9 4104
9 3 4105
2 0 4108
2 8 4112
9 5 4115
8 0 4117
7 10 4119
5 4 4120
5 6 4122
7 1 4125
6 7 4126
4 0 4128
0 7 4129
10 5 4131
7 1 4132
10 6 4134
0 3 4136
4 9 4140
5 3 4142
1 6 4144
0 8 4151
4 7 4152
0 8 4154
1 5 4155
8 10 4156
9 7 4157
9 10 4159
4 3 4160
8 10 4161
9 2 4164
9 6 4169
7 3 4172
1 0 4173
10 2 4176
2 6 4177
3 10 4179
5 7 4180
9 1 4186
6 9 4187
7 9 4189
8 2 4190
8 4 4191
5 0 4194
6 4 4196
9 0 4197
9 6 4198
6 9 4201
3 5 4202
0 5 4204
6 7 4207
3 10 4208
4 1 4209
0 9 4212
4 2 4215
9 8 4217
5 1 4219
3 8 4221
4 3 4223
3 2 4224
0 10 4227
7 1 4229
0 3 4230
10 0 4231
8 2 4232
9 7 4236
1 6 4237
3 8 4238
1 3 4242
10 3 4243
2 4 4245
2 10 4246
5 0 4247
0 9 4248
1 2 4251
9 6 4253
5 8 4255
1 8 4258
7 8 4259
0 10 4260
0 3 4261
9 4 4264
6 5 4265
9 0 4268
1 2 4269
3 7 4270
5 0 4272
0 4 4273
8 1 4276
1 10 4279
4 10 4281
4 10 4282
7 2 4285
6 0 4288
1 7 4289
9 5 4290
0 10 4291
1 9 4292
6 0 4293
4 5 4294
4 5 4297
3 9 4298
8 7 4300
10 0 4301
3 8 4303
2 7 4304
4 9 4309
0 1 4310
3 5 4311
10 9 4312
9 4 4313
9 10 4316
4 5 4317
0 3 4319
3 1 4321
2 1 4323
0 2 4327
10 5 4332
2 10 4334
8 3 4337
5 4 4338
6 4 4339
3 9 4341
0 10 4343
8 6 4345
0 3 4346
3 8 4347
7 3 4349
2 6 4350
2 1 4354
9 2 4355
6 8 4356
3 0 4358
0 3 4359
8 9 4360
6 7 4361
10 8 4363
5 6 4364
2 9 4365
2 6 4366
2 0 4367
8 10 4368
9 8 4369
0 5 4371
8 9 4372
5 1 4375
2 3 4378
7 5 4382
3 2 4383
0 3 4385
4 5 4386
9 8 4387
9 2 4389
5 0 4390
10 2 4393
8 10 4397
2 7 4400
3 8 4402
1 6 4403
4 6 4404
6 5 4405
8 5 4407
8 9 4408
6 0 4409
9 7 4410
9 2 4411
9 1 4412
3 2 4417
1 5 4423
1 10 4428
6 2 4430
6 9 4431
1 7 4433
6 0 4434
5 4 4436
2 3 4440
5 7 4444
3 5 4448
6 0 4449
2 9 4450
0 9 4453
9 1 4454
0 4 4455
0 7 4456
2 4 4458
3 7 4459
10 6 4460
8 0 4466
2 6 4470
4 7 4472
1 4 4475
4 5 4476
0 3 4477
0 8 4479
4 7 4480
5 1 4482
0 8 4483
6 5 4484
10 7 4486
7 8 4488
4 9 4490
8 5 4491
8 9 4493
10 0 4494
4 5 4495
1 0 4497
5 10 4498
6 3 4503
9 1 4505
4 0 4507
8 10 4510
3 1 4512
8 0 4513
5 0 4514
1 9 4515
9 1 4516
8 2 4518
1 6 4519
7 10 4521
6 1 4523
4 3 4525
8 5 4526
6 8 4528
7 0 4530
6 10 4532
1 2 4534
4 7 4535
4 1 4536
7 8 4538
10 4 4539
2 5 4540
9 7 4542
0 2 4543
10 0 4544
10 1 4545
9 1 4547
4 10 4551
6 2 4552
8 9 4553
10 5 4554
3 0 4555
9 1 4557
5 2 4558
7 0 4561
8 4 4562
9 5 4568
0 3 4570
4 6 4571
7 0 4573
7 3 4574
9 4 4578
9 5 4580
2 7 4581
2 0 4583
3 2 4586
5 8 4587
6 0 4589
3 6 4592
5 2 4593
7 2 4597
8 4 4598
4 9 4599
4 3 4603
5 0 4608
7 5 4612
7 5 4614
3 0 4615
1 5 4616
10 1 4617
2 5 4618
7 3 4619
7 3 4620
9 8 4621
0 4 4622
4 5 4623
8 6 4624
0 4 4626
10 1 4627
0 1 4628
8 5 4630
9 10 4633
3 8 4635
2 8 4638
0 2 4641
3 8 4646
0 8 4649
2 4 4650
3 2 4653
1 3 4654
1 10 4655
7 0 4656
2 4 4659
5 7 4660
0 1 4661
8 9 4663
1 0 4664
1 2 4667
5 3 4668
2 9 4672
9 6 4673
5 0 4677
3 7 4681
0 9 4682
1 0 4683
5 4 4688
6 2 4689
10 6 4690
5 7 4691
8 9 4694
1 5 4695
3 8 4697
2 7 4698
8 5 4700
0 4 4701
8 10 4703
10 3 4707
0 10 4711
6 0 4712
0 2 4715
6 7 4716
4 5 4717
10 2 4718
9 3 4719
5 0 4720
3 7 4721
3 10 4722
2 4 4726
5 2 4727
9 10 4730
3 1 4732
9 5 4734
9 10 4735
3 7 4738
0 5 4739
1 4 4740
2 5 4741
0 3 4742
5 8 4747
5 4 4749
7 6 4750
0 1 4752
8 7 4754
7 9 4755
8 0 4758
6 1 4759
9 6 4762
4 6 4765
2 5 4767
9 6 4771
6 2 4772
8 7 4773
3 10 4774
2 6 4776
2 0 4778
2 6 4779
10 2 4780
6 1 4783
8 7 4786
8 7 4790
0 2 4797
1 6 4798
6 0 4801
1 6 4803
0 1 4804
3 8 4805
6 3 4806
5 9 4807
5 7 4808
6 2 4810
8 0 4811
1 0 4812
1 10 4813
7 10 4815
0 8 4819
7 3 4820
6 0 4823
0 4 4824
1 10 4825
8 1 4826
10 2 4827
9 7 4830
8 1 4831
7 5 4832
0 9 4836
2 0 4837
0 7 4839
10 0 4840
1 2 4841
6 0 4842
6 1 4844
5 8 4847
2 6 4848
2 3 4850
2 0 4854
10 0 4855
7 5 4858
7 10 4860
10 9 4864
4 10 4866
7 3 4871
7 6 4872
5 9 4873
8 3 4874
0 2 4876
8 1 4877
9 10 4881
1 0 4882
1 0 4887
2 10 4891
7 9 4893
7 3 4902
8 4 4903
1 9 4904
0 9 4905
3 7 4907
3 4 4908
5 0 4909
7 4 4912
3 2 4913
3 10 4914
9 5 4915
8 4 4920
5 2 4922
5 0 4923
4 9 4926
7 6 4927
4 9 4928
10 5 4929
8 10 4930
5 4 4931
8 9 4932
9 4 4935
2 7 4936
0 10 4938
3 5 4939
9 7 4941
6 0 4942
10 0 4944
1 3 4945
9 3 4947
0 6 4950
4 7 4954
9 3 4955
4 0 4956
9 8 4960
6 2 4963
1 7 4964
7 4 4966
1 9 4967
8 5 4968
6 0 4971
4 6 4972
2 0 4974
0 9 4975
7 4 4979
4 0 4980
9 6 4983
4 2 4985
2 6 4987
0 8 4990
4 6 4993
8 6 4995
8 3 4997
6 0 5006
6 0 5008
8 7 5010
4 9 5011
1 5 5014
8 0 5015
1 5 5016
10 0 5017
9 7 5018
7 2 5019
0 6 5020
1 10 5022
4 2 5024
2 9 5025
8 2 5034
10 3 5035
4 3 5036
8 0 5037
6 5 5038
1 6 5040
2 0 5041
4 9 5042
4 7 5046
3 8 5049
1 2 5051
4 8 5052
4 1 5053
10 2 5054
0 10 5055
7 8 5056
4 0 5057
3 4 5058
3 1 5062
4 0 5064
6 9 5066
5 9 5067
3 8 5068
6 8 5070
8 7 5071
1 5 5072
1 0 5073
9 2 5076
8 10 5079
0 6 5080
8 2 5083
5 9 5084
0 9 5085
5 6 5086
6 2 5089
6 9 5090
0 5 5095
3 10 5096
10 0 5097
0 7 5100
3 0 5101
8 1 5102
8 3 5103
0 3 5104
0 6 5106
7 10 5110
8 0 5111
0 8 5113
1 5 5114
8 2 5115
0 6 5116
0 9 5117
1 8 5118
1 2 5121
4 10 5123
3 5 5124
8 0 5126
2 0 5130
0 3 5134
7 9 5137
1 5 5140
10 3 5142
8 10 5143
4 8 5144
2 10 5145
7 2 5147
1 0 5148
5 1 5149
10 3 5151
8 5 5152
0 4 5153
4 1 5156
7 0 5158
3 0 5160
8 1 5161
0 8 5165
0 6 5166
9 3 5169
2 7 5170
1 0 5177
1 4 5178
1 7 5179
10 7 5183
7 9 5187
2 3 5191
1 4 5192
3 0 5193
0 5 5194
6 10 5196
5 3 5197
4 10 5198
5 10 5199
1 8 5204
6 3 5206
4 6 5207
3 4 5209
0 2 5211
1 3 5214
10 2 5218
2 8 5220
5 8 5222
10 6 5224
2 10 5225
6 5 5227
2 8 5229
1 7 5231
0 3 5233
6 5 5235
1 2 5237
6 1 5239
5 0 5241
4 7 5243
7 3 5250
7 6 5252
3 0 5255
1 7 5256
9 0 5257
9 4 5258
9 10 5260
0 2 5261
10 2 5262
7 9 5265
7 10 5266
0 8 5269
0 6 5272
7 1 5275
1 0 5276
9 8 5278
10 2 5279
9 4 5281
6 8 5282
5 6 5283
3 0 5286
9 2 5287
5 1 5288
2 6 5290
2 0 5294
1 0 5295
5 0 5297
6 5 5299
9 8 5300
4 0 5302
10 6 5304
0 3 5306
1 4 5307
2 9 5311
0 3 5315
9 6 5319
9 8 5323
3 1 5327
8 9 5329
3 1 5331
5 4 5337
1 3 5338
4 10 5339
6 1 5341
1 0 5343
5 8 5344
3 9 5346
2 0 5348
7 10 5352
9 8 5355
3 9 5356
2 6 5357
2 1 5358
8 4 5359
0 9 5361
8 1 5362
8 0 5364
6 10 5366
6 7 5368
4 7 5371
9 7 5372
8 6 5375
4 2 5376
8 1 5379
8 0 5383
7 0 5384
5 8 5385
8 6 5390
8 1 5392
9 7 5393
7 5 5394
2 4 5395
4 7 5396
0 8 5397
0 8 5399
0 10 5400
1 4 5404
9 4 5408
0 6 5409
0 6 5411
8 0 5412
4 9 5414
2 9 5417
10 0 5419
0 7 5420
7 9 5421
6 2 5422
6 2 5423
7 0 5424
6 0 5426
10 8 5427
3 7 5428
10 5 5429
5 4 5431
0 8 5434
10 0 5436
6 0 5439
3 4 5440
10 1 5441
2 4 5442
5 0 5443
9 5 5447
4 6 5451
4 5 5452
0 5 5453
8 6 5459
2 8 5460
4 3 5466
10 8 5467
0 10 5468
4 2 5469
8 9 5470
6 10 5483
0 5 5484
0 2 5487
4 5 5489
2 5 5490
9 3 5491
8 1 5492
4 3 5495
8 2 5496
5 3 5498
7 9 5499
10 0 5502
3 0 5503
5 2 5504
6 8 5505
0 1 5508
10 6 5510
7 0 5511
0 5 5512
3 0 5513
1 0 5514
1 10 5517
8 0 5519
6 0 5521
7 4 5522
8 10 5524
6 8 5525
1 9 5529
10 7 5530
9 6 5531
0 8 5532
9 3 5533
0 7 5536
1 0 5538
6 4 5542
4 3 5543
3 8 5545
6 0 5548
4 9 5549
7 9 5550
5 3 5552
5 2 5555
6 0 5556
0 2 5558
4 3 5559
3 7 5561
3 4 5562
8 2 5566
5 4 5568
7 3 5570
0 9 5573
3 9 5574
8 0 5576
0 10 5578
9 4 5582
5 6 5586
9 5 5588
6 5 5589
10 8 5601
1 6 5602
7 2 5604
2 8 5605
4 0 5606
6 4 5614
6 5 5615
6 3 5616
3 5 5619
9 2 5620
6 7 5621
8 5 5628
10 3 5630
10 5 5633
4 0 5634
9 6 5637
6 7 5639
7 2 5641
1 8 5642
6 10 5643
10 2 5648
6 7 5650
8 7 5653
3 1 5654
6 0 5655
8 5 5656
6 8 5661
6 10 5662
10 9 5664
3 4 5666
9 10 5667
10 0 5670
6 10 5671
4 10 5674
3 0 5675
5 9 5676
4 1 5678
10 4 5679
10 6 5683
0 4 5684
10 5 5686
7 10 5690
10 3 5691
9 2 5694
0 9 5696
10 9 5698
2 6 5700
1 10 5701
8 0 5704
2 3 5705
2 8 5706
2 7 5707
0 1 5708
0 9 5713
4 0 5715
6 9 5716
3 9 5717
7 3 5721
1 3 5722
8 3 5723
5 1 5725
3 7 5726
8 0 5728
7 8 5729
7 0 5731
10 6 5733
9 10 5739
4 8 5740
1 0 5743
1 3 5747
7 2 5750
1 10 5751
3 0 5754
0 6 5755
0 6 5756
9 5 5757
7 0 5760
0 8 5761
0 5 5762
2 4 5763
8 5 5766
10 5 5767
10 9 5768
6 5 5771
0 10 5773
1 0 5775
4 8 5776
7 4 5777
10 5 5779
9 8 5780
6 0 5782
8 6 5783
10 2 5785
0 6 5786
0 10 5788
0 4 5790
10 1 5793
1 6 5796
1 9 5797
7 0 5799
10 3 5801
1 7 5807
3 6 5808
5 9 5810
5 0 5813
3 2 5815
2 5 5818
4 10 5820
8 0 5821
3 1 5824
9 10 5825
8 3 5826
1 7 5827
3 7 5830
0 5 5831
5 8 5834
10 3 5835
5 0 5839
4 9 5840
10 0 5843
7 3 5844
3 5 5849
10 9 5851
7 0 5852
0 10 5853
3 0 5854
7 8 5856
6 5 5857
2 1 5858
10 4 5860
8 7 5861
9 3 5862
1 0 5864
7 2 5868
0 7 5869
7 10 5870
6 3 5871
0 3 5872
9 2 5876
2 4 5878
10 7 5879
10 9 5880
1 5 5886
2 1 5887
0 7 5888
4 5 5890
4 3 5891
8 4 5894
10 3 5897
6 1 5898
0 1 5900
3 0 5901
5 6 5907
5 6 5913
0 10 5917
6 4 5918
7 5 5919
4 0 5921
4 1 5922
4 8 5924
1 5 5925
8 7 5928
1 7 5929
7 2 5930
7 0 5932
4 0 5933
3 2 5934
5 9 5935
0 3 5938
2 8 5939
9 6 5940
9 5 5941
6 0 5942
4 2 5944
7 0 5945
8 0 5947
0 9 5948
0 10 5949
2 5 5950
4 10 5952
6 7 5954
9 10 5959
9 4 5960
3 10 5961
2 0 5963
10 7 5967
0 3 5971
8 5 5978
7 10 5980
6 2 5981
6 3 5984
6 10 5986
6 10 5987
10 4 5988
3 0 5989
1 9 5990
5 1 5991
2 7 5992
6 1 5994
7 0 5997
4 8 5998
3 0 6000
4 0 6001
2 4 6002
0 7 6003
3 8 6005
4 10 6007
5 8 6008
3 2 6009
8 6 6013
6 2 6015
10 4 6019
4 1 6022
7 3 6023
6 0 6024
8 1 6026
6 10 6027
5 9 6029
2 6 6032
10 5 6033
2 7 6034
8 1 6037
3 1 6040
7 10 6044
5 0 6045
9 7 6046
7 6 6047
10 1 6050
6 9 6051
6 9 6055
5 10 6056
4 6 6059
0 6 6063
8 10 6064
4 0 6065
5 4 6066
1 6 6067
0 9 6068
8 5 6070
4 3 6072
10 3 6073
9 6 6074
7 9 6076
0 1 6077
0 6 6078
7 8 6079
3 6 6080
6 8 6083
2 1 6084
2 9 6085
4 7 6086
8 3 6088
9 1 6089
9 7 6092
1 0 6094
4 10 6096
6 1 6098
3 1 6099
6 3 6101
0 10 6102
10 7 6105
0 3 6106
7 6 6107
6 4 6108
0 7 6112
4 3 6115
5 4 6117
2 1 6118
8 9 6119
1 8 6120
2 4 6121
5 3 6124
6 4 6125
1 7 6126
3 0 6127
8 6 6128
3 8 6129
6 5 6130
3 0 6131
1 7 6133
8 5 6135
2 8 6136
2 3 6143
9 6 6145
0 10 6146
6 2 6147
0 7 6148
2 3 6150
5 1 6151
2 0 6152
9 5 6153
5 4 6154
1 7 6156
5 0 6157
8 0 6161
7 2 6163
8 3 6164
10 5 6165
5 9 6170
4 3 6173
1 9 6176
9 1 6181
9 10 6183
3 10 6185
0 10 6188
7 6 6189
0 5 6192
1 3 6193
10 3 6194
4 2 6195
1 10 6196
3 1 6198
2 5 6199
3 7 6200
2 0 6201
0 9 6203
7 5 6206
5 9 6209
1 10 6210
9 7 6213
5 2 6214
5 7 6216
6 9 6218
0 4 6219
0 1 6220
7 2 6221
4 8 6222
0 5 6223
6 0 6226
3 1 6227
9 4 6228
5 9 6230
2 9 6237
2 5 6241
0 1 6242
1 4 6243
5 3 6244
9 8 6247
5 0 6249
10 1 6256
2 0 6258
7 1 6259
3 4 6261
4 10 6263
1 0 6265
7 3 6276
3 10 6278
6 10 6282
0 4 6288
4 0 6291
4 1 6293
4 6 6294
8 2 6295
7 5 6296
2 0 6297
0 5 6302
9 4 6304
2 7 6305
3 4 6307
5 8 6308
8 5 6309
1 0 6310
9 6 6312
7 3 6313
1 0 6314
5 2 6315
10 2 6316
5 2 6319
1 2 6320
4 5 6321
1 6 6323
7 6 6325
6 0 6326
4 3 6332
0 6 6333
5 10 6334
2 1 6336
7 1 6340
3 5 6344
8 3 6345
10 5 6346
0 9 6350
1 6 6351
0 3 6352
7 0 6353
5 0 6355
8 4 6356
0 9 6357
6 4 6361
10 8 6362
4 9 6365
10 7 6366
7 8 6367
2 10 6368
7 0 6369
0 10 6373
7 9 6378
1 0 6382
8 7 6385
1 5 6389
3 0 6391
10 1 6393
6 10 6394
2 4 6395
0 8 6399
5 1 6400
3 0 6402
2 3 6403
10 2 6404
7 8 6406
5 1 6408
10 2 6409
2 4 6410
4 6 6411
0 6 6413
6 7 6414
2 9 6415
7 6 6416
10 7 6417
5 7 6418
2 8 6421
8 0 6423
9 1 6426
4 8 6431
4 0 6432
3 2 6433
0 7 6434
6 5 6435
8 0 6436
4 9 6437
9 7 6438
8 3 6440
7 2 6442
5 1 6444
0 8 6445
5 2 6449
5 3 6450
3 5 6451
10 7 6453
2 6 6455
3 0 6457
0 3 6458
0 8 6459
4 0 6464
0 9 6466
1 6 6467
10 9 6469
3 9 6470
6 7 6471
0 6 6473
8 6 6474
5 4 6475
7 2 6476
4 3 6477
7 0 6478
6 0 6479
9 3 6481
8 0 6483
5 10 6485
9 8 6486
8 6 6488
8 3 6490
8 0 6491
10 7 6494
10 0 6496
4 6 6499
4 2 6504
10 8 6505
10 0 6509
7 3 6510
1 3 6511
9 0 6512
6 2 6513
6 8 6515
0 1 6516
8 3 6520
9 3 6521
7 10 6523
8 3 6525
5 0 6526
3 6 6527
4 9 6533
10 9 6542
2 7 6543
6 0 6546
0 10 6547
6 4 6548
1 5 6559
10 8 6561
2 10 6562
2 0 6563
7 3 6566
6 3 6568
2 9 6569
10 0 6571
0 1 6577
3 0 6578
1 10 6584
4 7 6586
1 2 6589
8 2 6590
9 2 6591
3 4 6601
2 0 6602
10 0 6606
2 8 6607
4 3 6608
8 5 6614
9 8 6615
8 10 6616
10 1 6621
10 7 6623
5 9 6624
8 10 6625
0 6 6627
5 6 6630
0 2 6631
9 5 6633
0 6 6634
9 5 6638
9 1 6640
3 8 6643
5 2 6644
6 10 6647
2 0 6650
7 1 6651
1 10 6652
10 8 6656
7 5 6657
1 2 6661
1 0 6665
10 9 6667
0 2 6669
9 5 6671
0 2 6678
4 2 6679
7 6 6680
7 2 6681
10 3 6683
2 7 6686
4 9 6688
0 7 6689
3 7 6691
9 4 6693
0 9 6694
0 8 6699
8 9 6700
2 0 6701
10 9 6703
9 3 6708
5 2 6710
1 3 6712
0 8 6713
4 8 6715
0 6 6717
8 2 6718
2 8 6719
6 8 6721
0 2 6722
8 6 6723
9 3 6724
5 8 6725
0 9 6726
10 6 6729
0 10 6731
6 5 6732
3 0 6733
6 8 6734
10 4 6735
3 6 6738
10 8 6739
8 0 6740
5 10 6741
8 2 6745
4 0 6749
2 9 6750
8 7 6751
5 6 6755
3 7 6756
4 8 6757
8 9 6760
0 4 6765
5 2 6767
9 7 6770
0 2 6771
4 7 6774
7 9 6777
3 1 6778
6 7 6780
7 1 6781
3 6 6782
6 7 6784
9 4 6785
5 6 6789
5 0 6790
2 9 6793
0 3 6795
6 10 6796
10 4 6797
6 5 6799
4 2 6801
5 0 6802
7 4 6805
1 9 6806
8 0 6808
9 4 6812
3 4 6813
7 9 6814
9 0 6815
3 6 6816
8 9 6819
0 8 6820
1 5 6821
5 1 6824
1 0 6826
1 6 6829
0 10 6833
3 8 6835
10 6 6836
5 9 6838
1 10 6839
2 0 6840
8 10 6841
4 0 6842
7 0 6843
8 0 6846
0 10 6851
8 7 6852
5 6 6853
2 4 6856
8 7 6857
5 7 6863
3 4 6864
9 2 6866
0 6 6867
9 4 6871
5 7 6872
4 3 6874
1 4 6879
10 8 6880
3 6 6881
6 2 6882
7 6 6884
4 1 6887
0 9 6888
4 8 6889
2 8 6893
3 5 6895
3 10 6896
0 2 6899
8 5 6901
7 0 6902
4 2 6903
5 3 6905
8 0 6906
1 3 6907
3 2 6910
5 6 6912
4 1 6913
10 7 6914
8 10 6915
9 5 6917
6 9 6919
2 8 6920
0 3 6922
3 4 6924
6 10 6925
9 6 6927
3 5 6929
6 3 6930
3 0 6933
3 2 6935
9 3 6936
6 7 6937
0 4 6939
8 10 6941
9 1 6942
3 4 6943
3 6 6948
3 8 6949
4 6 6950
9 8 6952
10 9 6954
6 4 6955
8 0 6956
1 5 6958
4 9 6959
7 0 6963
0 6 6964
10 2 6965
4 3 6966
5 4 6967
5 0 6970
6 2 6974
0 4 6975
6 4 6976
8 1 6978
0 1 6979
3 2 6980
3 5 6981
4 5 6985
8 0 6986
10 1 6988
1 8 6991
0 10 6992
2 7 6996
8 4 6997
10 5 6999
5 3 7000
2 0 7003
6 4 7004
1 5 7005
5 1 7007
7 4 7008
0 10 7011
0 6 7013
1 9 7015
1 5 7016
4 1 7021
2 10 7024
1 6 7025
0 1 7026
3 0 7027
5 10 7028
3 0 7029
5 7 7030
7 6 7031
4 1 7033
1 9 7034
2 7 7037
7 0 7039
1 5 7042
4 6 7043
7 9 7047
8 0 7048
6 1 7050
1 5 7054
3 7 7058
4 9 7059
8 1 7061
7 5 7063
4 9 7065
3 2 7067
4 3 7068
0 7 7070
2 9 7071
9 3 7072
1 7 7074
5 4 7076
8 4 7077
3 8 7082
7 10 7083
2 5 7084
7 10 7086
0 3 7088
3 2 7093
3 8 7096
7 10 7098
6 7 7099
5 6 7105
2 1 7109
8 1 7112
4 7 7113
5 8 7122
0 7 7130
10 3 7132
8 0 7135
2 10 7139
6 2 7140
3 9 7141
4 8 7142
8 4 7143
7 9 7147
2 8 7151
0 10 7155
5 3 7160
2 1 7161
7 2 7162
9 7 7163
5 8 7164
5 8 7167
4 5 7168
0 3 7169
10 1 7170
0 4 7171
4 6 7174
3 8 7175
9 2 7177
1 10 7178
3 6 7182
5 6 7184
4 10 7191
7 3 7193
3 9 7195
7 0 7197
0 7 7199
1 4 7202
6 3 7203
3 7 7204
9 4 7206
9 7 7209
1 5 7210
1 3 7211
0 6 7215
5 0 7216
4 0 7217
3 1 7218
5 10 7219
9 8 7220
8 2 7224
10 1 7225
0 6 7227
7 6 7228
5 8 7229
8 0 7230
8 5 7231
8 2 7233
0 5 7234
4 2 7235
7 1 7236
2 9 7237
1 4 7239
7 9 7240
8 9 7241
3 0 7242
0 9 7243
6 9 7247
7 9 7248
4 6 7249
0 6 7251
7 5 7252
2 1 7254
6 2 7255
9 4 7258
2 0 7259
7 10 7260
6 0 7262
9 10 7265
3 0 7271
2 3 7273
0 1 7274
10 3 7279
9 7 7281
9 10 7282
0 2 7285
5 2 7287
9 1 7292
0 8 7293
10 0 7298
3 0 7300
0 4 7303
10 4 7304
10 2 7305
2 8 7307
0 8 7308
1 10 7309
9 1 7312
3 10 7314
7 8 7318
2 3 7321
7 1 7325
2 3 7326
1 6 7327
8 4 7328
5 0 7329
10 0 7334
1 2 7335
5 0 7337
4 1 7338
3 6 7339
4 1 7340
0 7 7341
2 1 7342
10 7 7344
1 0 7345
10 8 7347
8 7 7348
10 9 7349
6 4 7351
9 7 7353
9 2 7354
3 5 7362
4 8 7365
9 10 7366
7 0 7371
10 6 7372
6 5 7373
9 3 7374
6 0 7377
5 2 7378
0 5 7384
5 6 7386
2 3 7388
7 10 7389
0 4 7391
1 8 7392
3 0 7397
1 0 7399
6 10 7402
10 5 7404
1 10 7406
0 5 7410
7 3 7411
9 3 7412
0 3 7413
7 1 7415
10 3 7418
1 9 7419
1 4 7420
4 1 7421
9 4 7422
1 6 7424
9 4 7425
0 5 7427
1 0 7432
0 6 7436
10 4 7437
0 3 7440
9 7 7442
2 5 7443
8 3 7445
5 8 7446
7 8 7448
5 6 7449
0 9 7451
0 9 7453
1 8 7454
1 7 7456
3 7 7458
10 7 7463
4 2 7464
4 10 7465
7 0 7467
1 2 7469
0 4 7470
0 10 7471
0 2 7473
8 5 7474
5 10 7477
5 0 7478
9 8 7482
10 8 7483
1 7 7484
1 5 7486
0 2 7488
1 10 7489
4 9 7492
10 0 7493
2 5 7496
8 4 7499
1 8 7500
1 2 7501
7 1 7502
5 10 7503
0 1 7504
7 0 7505
1 0 7506
1 5 7507
10 3 7508
3 9 7509
0 5 7511
3 10 7512
0 9 7513
3 8 7514
0 7 7516
8 7 7518
0 4 7520
3 7 7521
9 0 7524
4 2 7526
3 7 7530
3 2 7532
6 3 7535
3 1 7538
10 0 7539
8 6 7540
3 7 7542
2 7 7543
8 7 7545
1 10 7546
1 6 7547
10 5 7549
7 10 7553
2 3 7554
4 0 7557
2 10 7560
3 6 7563
8 0 7570
7 2 7571
3 4 7573
4 8 7574
7 10 7575
6 1 7576
1 6 7578
0 1 7590
6 3 7591
7 5 7593
2 8 7596
6 9 7597
1 6 7601
10 2 7602
3 0 7604
3 10 7609
3 5 7611
0 7 7612
7 2 7613
7 1 7614
5 8 7621
5 10 7622
5 3 7623
6 3 7625
2 3 7629
10 9 7631
4 1 7632
0 10 7633
0 7 7634
4 3 7636
9 8 7638
3 9 7640
7 5 7641
6 3 7644
2 8 7646
0 3 7647
0 3 7648
0 6 7649
3 5 7657
0 8 7659
10 4 7663
5 9 7665
4 9 7666
9 1 7670
1 10 7671
10 3 7672
5 1 7674
0 7 7676
5 4 7678
10 9 7679
8 2 7680
9 0 7685
8 10 7686
8 10 7691
8 3 7692
8 5 7693
9 0 7696
2 0 7698
0 3 7699
9 2 7700
10 2 7702
8 10 7703
7 6 7704
3 5 7706
5 8 7707
3 8 7709
3 1 7710
4 0 7713
9 3 7714
10 2 7716
6 2 7718
2 5 7723
3 6 7725
9 10 7726
0 7 7727
0 6 7729
2 9 7730
1 0 7731
3 7 7732
10 9 7738
5 1 7739
9 8 7740
3 8 7741
7 3 7742
8 1 7745
9 0 7749
5 4 7750
0 3 7751
6 0 7755
8 9 7764
2 7 7765
9 0 7767
0 2 7768
0 3 7773
10 0 7774
0 6 7775
7 1 7776
0 3 7777
7 10 7778
8 7 7779
5 0 7784
9 8 7786
3 9 7787
2 8 7790
4 1 7791
3 6 7792
9 4 7793
0 3 7794
6 3 7796
6 0 7799
9 7 7800
9 10 7801
8 6 7802
10 3 7804
9 1 7805
3 0 7806
9 0 7808
0 9 7810
10 9 7812
6 5 7814
1 0 7815
5 0 7816
5 3 7817
2 8 7819
0 7 7824
0 3 7825
10 1 7826
0 7 7829
8 4 7831
6 2 7832
1 7 7835
4 7 7836
6 3 7837
5 4 7842
3 7 7843
4 3 7844
7 9 7845
2 0 7846
8 3 7849
2 7 7850
9 0 7851
3 0 7852
8 1 7853
0 6 7854
5 7 7855
2 5 7858
5 7 7859
0 4 7860
8 3 7861
4 3 7862
6 1 7865
6 10 7866
4 3 7868
4 2 7871
10 0 7876
8 9 7877
3 10 7883
3 0 7895
1 8 7896
8 5 7900
5 2 7906
1 8 7907
3 10 7908
7 3 7909
0 5 7911
2 6 7912
6 3 7914
0 8 7915
10 0 7916
3 10 7917
1 0 7920
3 8 7921
2 3 7924
5 10 7925
2 0 7932
1 8 7934
9 8 7935
0 2 7939
9 1 7942
5 8 7944
1 0 7945
4 5 7946
3 0 7951
1 9 7952
10 6 7953
9 8 7959
4 2 7960
4 0 7961
2 4 7964
4 8 7965
8 2 7967
4 10 7968
2 5 7969
9 8 7970
5 9 7971
8 3 7973
2 4 7976
8 0 7977
2 1 7979
3 5 7983
10 0 7985
8 4 7986
6 0 7987
1 9 7989
9 8 7991
7 4 7992
3 6 7993
0 6 7996
7 8 7997
9 8 7999
2 5 8004
5 7 8007
9 4 8010
2 0 8011
8 9 8014
4 7 8015
2 4 8016
5 0 8017
0 5 8018
2 3 8019
8 4 8021
10 0 8022
1 3 8023
6 10 8026
1 3 8027
2 3 8028
3 7 8030
1 0 8031
9 10 8036
10 6 8038
0 10 8039
3 6 8041
1 4 8044
7 0 8046
1 8 8048
5 9 8049
2 7 8050
0 4 8052
5 2 8053
1 8 8054
10 1 8057
9 8 8059
7 6 8060
0 1 8063
8 4 8064
10 5 8065
4 5 8069
10 0 8070
2 0 8074
10 6 8075
3 7 8076
9 4 8077
9 0 8079
1 4 8081
9 4 8083
6 1 8088
0 3 8089
0 9 8090
9 10 8092
6 9 8095
8 3 8096
9 3 8100
3 10 8102
9 0 8105
4 8 8107
1 3 8111
5 10 8112
5 0 8114
6 10 8115
2 0 8117
2 6 8118
1 5 8119
0 9 8121
5 1 8122
8 6 8123
5 7 8126
1 5 8128
0 6 8129
4 1 8131
4 0 8138
1 4 8141
9 7 8143
3 6 8144
3 9 8145
3 10 8147
8 3 8150
7 5 8151
0 7 8152
3 9 8154
1 3 8157
9 4 8158
5 7 8159
1 5 8160
7 0 8164
9 6 8165
10 5 8176
6 1 8179
0 1 8180
0 10 8181
9 1 8182
4 10 8183
7 5 8184
2 5 8186
5 4 8187
4 1 8192
5 2 8193
3 0 8196
0 8 8200
2 8 8201
7 3 8202
9 7 8203
1 7 8207
2 0 8213
2 8 8214
6 5 8215
7 5 8217
8 1 8222
0 6 8223
4 0 8224
0 10 8225
8 2 8227
5 4 8228
7 3 8230
10 6 8231
7 0 8232
4 10 8233
5 10 8235
0 9 8237
6 3 8239
3 10 8241
7 5 8242
1 7 8248
1 10 8249
6 1 8251
7 3 8253
8 10 8254
0 7 8255
0 1 8257
4 0 8259
1 9 8260
0 6 8261
7 6 8264
8 9 8265
2 10 8268
7 8 8269
8 4 8272
8 7 8274
0 9 8278
10 1 8280
9 8 8282
0 8 8283
10 5 8284
5 8 8285
5 1 8287
8 9 8288
8 6 8293
3 5 8294
0 10 8296
2 4 8297
6 9 8298
3 6 8299
0 2 8302
6 0 8303
4 6 8304
5 10 8305
4 9 8306
10 4 8307
0 6 8308
5 3 8309
2 10 8314
5 1 8315
10 1 8316
6 3 8320
8 10 8321
1 7 8324
8 5 8328
1 2 8331
1 0 8332
8 2 8333
10 8 8334
4 0 8336
6 5 8337
6 3 8338
9 2 8340
5 2 8344
10 3 8345
4 10 8347
0 9 8348
7 9 8350
5 7 8352
10 0 8354
3 0 8356
2 6 8357
4 10 8359
5 10 8361
1 2 8365
10 4 8366
5 0 8371
6 3 8373
8 9 8374
2 4 8375
6 8 8382
4 1 8383
6 0 8384
9 3 8387
9 8 8389
7 8 8390
10 0 8393
2 6 8394
7 3 8395
4 3 8399
7 10 8400
1 7 8404
3 4 8407
2 3 8408
10 8 8409
5 1 8410
0 3 8411
9 4 8412
3 1 8413
6 7 8414
7 3 8415
3 9 8416
1 6 8422
4 7 8423
8 0 8425
10 2 8430
0 10 8431
2 1 8433
10 2 8434
9 5 8436
0 9 8437
10 4 8440
6 0 8441
9 0 8443
0 1 8446
8 1 8447
0 5 8448
2 8 8449
4 2 8450
4 9 8452
5 7 8453
6 9 8455
3 7 8456
1 6 8457
9 7 8458
3 8 8464
6 0 8466
3 2 8468
10 1 8469
7 2 8471
1 5 8472
5 3 8474
2 0 8475
10 5 8476
9 0 8478
1 2 8479
0 8 8483
7 0 8484
3 8 8487
9 0 8488
3 2 8489
0 2 8490
4 7 8491
2 3 8492
9 2 8495
0 4 8497
0 7 8499
9 4 8506
8 1 8510
3 8 8512
6 9 8513
8 1 8518
5 3 8519
1 5 8520
10 8 8521
7 1 8522
0 8 8523
3 4 8526
2 8 8527
6 1 8528
5 7 8529
1 10 8533
9 1 8534
9 5 8536
0 4 8544
0 9 8547
7 0 8548
10 7 8549
9 1 8552
1 4 8556
6 7 8557
4 3 8558
6 8 8562
4 5 8563
10 5 8564
7 8 8566
0 4 8567
3 5 8568
9 0 8569
5 2 8570
8 4 8571
4 8 8572
2 8 8574
2 9 8579
10 8 8580
3 6 8583
0 5 8586
5 7 8591
5 7 8592
0 6 8593
7 5 8595
2 0 8597
7 10 8598
7 2 8599
10 3 8601
9 3 8602
1 0 8604
3 4 8610
6 4 8612
10 1 8617
7 8 8620
5 1 8621
9 7 8622
0 6 8631
2 4 8636
10 3 8642
0 9 8643
6 1 8644
4 2 8646
2 7 8648
6 0 8649
6 7 8651
2 0 8652
10 2 8653
4 0 8656
10 3 8658
1 0 8659
1 9 8660
2 6 8662
10 6 8663
0 5 8666
4 2 8668
9 0 8669
3 7 8674
4 7 8675
1 4 8676
0 10 8677
6 7 8681
9 5 8682
8 7 8684
4 7 8686
10 5 8687
3 10 8689
0 5 8691
10 4 8694
1 8 8695
0 6 8698
0 5 8700
3 1 8701
7 5 8704
5 4 8705
7 6 8707
9 5 8708
2 6 8712
0 6 8715
1 3 8717
8 0 8719
7 5 8720
5 4 8722
5 3 8723
7 9 8724
5 2 8726
9 6 8728
2 1 8729
5 10 8732
1 8 8733
0 9 8738
7 6 8739
9 4 8740
1 4 8741
5 10 8742
6 8 8748
2 0 8751
1 2 8752
1 7 8759
5 8 8763
0 8 8764
7 5 8767
5 10 8768
1 7 8770
10 2 8780
2 0 8784
5 6 8785
9 8 8787
8 3 8788
9 0 8790
1 0 8791
7 9 8799
1 8 8801
4 3 8802
4 1 8803
9 4 8804
10 4 8807
4 3 8808
5 6 8810
0 4 8816
2 0 8823
4 5 8824
7 2 8825
8 5 8826
1 2 8827
1 5 8830
1 4 8840
1 3 8841
3 4 8844
4 3 8852
0 6 8853
2 9 8860
0 7 8862
9 6 8863
10 7 8864
5 0 8865
5 8 8866
10 8 8867
6 5 8868
5 10 8869
10 0 8870
5 6 8872
3 2 8873
4 10 8874
6 2 8875
8 1 8877
9 3 8879
0 4 8882
10 5 8883
7 1 8884
5 0 8885
5 0 8887
5 6 8888
2 1 8892
10 3 8894
1 9 8895
3 6 8896
10 1 8901
7 4 8902
3 8 8908
7 0 8910
5 10 8911
7 2 8913
0 6 8914
8 6 8915
7 8 8917
4 8 8920
1 9 8923
7 6 8926
3 2 8928
0 8 8929
9 10 8930
9 2 8932
2 7 8934
10 5 8939
6 5 8943
6 2 8945
10 8 8947
3 7 8949
3 4 8950
2 0 8952
4 10 8955
0 3 8957
2 10 8961
5 8 8963
4 0 8965
9 0 8967
1 8 8968
6 10 8969
5 4 8971
10 0 8972
4 3 8973
7 0 8974
3 9 8975
10 9 8976
9 4 8979
8 7 8981
8 1 8983
0 6 8984
8 1 8986
4 0 8989
8 1 8990
5 0 8994
5 8 8996
9 4 8998
7 9 9000
5 0 9001
1 4 9002
4 1 9004
3 1 9005
5 0 9006
10 1 9007
10 4 9009
9 10 9011
3 8 9012
0 3 9014
1 0 9016
1 3 9018
8 10 9020
8 9 9022
0 8 9023
2 3 9024
10 7 9025
9 5 9027
0 9 9029
9 0 9030
2 10 9032
9 8 9035
8 4 9036
7 6 9038
7 0 9039
10 1 9041
10 7 9044
8 5 9045
10 5 9046
0 5 9047
7 0 9048
4 9 9050
9 0 9058
2 7 9062
0 6 9063
0 3 9064
5 9 9065
3 9 9066
4 0 9068
4 10 9069
2 6 9070
10 1 9071
5 4 9072
6 9 9073
0 10 9075
3 5 9079
9 2 9080
2 6 9083
2 9 9084
2 8 9085
0 9 9087
0 8 9090
0 10 9091
7 6 9092
1 0 9093
2 0 9097
0 3 9098
7 8 9099
2 5 9101
6 7 9104
2 7 9105
6 9 9106
8 3 9109
1 9 9111
1 0 9114
4 9 9115
3 9 9117
6 4 9118
5 4 9119
4 0 9120
1 0 9121
1 9 9123
6 8 9129
8 9 9134
1 0 9135
9 3 9139
2 7 9141
3 5 9142
6 8 9143
1 0 9146
9 5 9147
0 7 9149
6 3 9151
2 4 9153
0 3 9154
8 0 9156
5 6 9157
8 7 9158
5 8 9160
6 8 9161
6 7 9162
2 4 9164
6 4 9166
3 4 9167
7 0 9169
10 5 9170
9 10 9173
2 9 9176
5 2 9178
5 8 9181
10 1 9186
7 6 9187
9 4 9188
0 8 9192
5 0 9193
8 6 9196
1 3 9203
8 5 9206
8 9 9207
9 10 9208
2 8 9212
10 1 9213
1 7 9214
10 8 9217
7 0 9218
5 2 9219
3 9 9220
9 7 9221
10 5 9222
4 7 9223
10 4 9224
0 6 9225
8 3 9231
1 3 9234
6 0 9236
6 9 9237
9 6 9238
3 1 9239
7 8 9241
8 4 9242
10 9 9243
2 3 9245
6 4 9246
8 6 9247
4 0 9248
3 5 9249
7 5 9250
2 10 9251
7 8 9253
10 0 9256
2 8 9257
4 5 9258
8 4 9259
10 7 9260
0 8 9263
4 1 9266
5 7 9267
4 2 9268
3 1 9269
7 2 9271
1 10 9272
0 9 9275
10 4 9276
10 6 9277
7 0 9279
1 8 9281
0 4 9284
0 7 9285
9 8 9286
5 2 9289
2 10 9290
2 9 9291
4 10 9292
9 4 9293
1 0 9294
9 8 9295
0 7 9297
8 2 9305
3 6 9310
7 6 9311
2 8 9315
9 4 9318
3 0 9319
1 8 9321
0 8 9323
8 0 9324
8 6 9326
2 6 9327
4 5 9330
2 7 9331
5 9 9333
8 1 9334
6 2 9335
1 8 9336
0 8 9337
10 3 9341
1 7 9342
6 10 9345
7 8 9347
0 3 9348
3 8 9350
8 9 9354
8 5 9356
7 10 9358
0 5 9361
10 1 9362
8 0 9363
8 10 9366
3 4 9371
0 4 9372
3 9 9374
2 6 9375
8 2 9380
8 4 9381
0 1 9382
2 6 9385
8 5 9387
1 7 9388
3 7 9390
5 2 9392
6 9 9393
8 1 9394
10 8 9395
0 2 9396
5 0 9397
4 0 9398
8 4 9399
5 0 9401
5 2 9403
9 3 9406
4 0 9410
10 8 9414
8 5 9415
8 1 9422
7 0 9423
0 5 9426
5 3 9430
7 4 9432
1 9 9434
1 8 9437
4 3 9439
4 10 9440
6 9 9441
0 4 9442
0 9 9443
1 10 9446
9 10 9447
4 1 9449
10 3 9450
3 6 9451
8 0 9455
9 1 9456
6 8 9458
4 5 9462
0 7 9463
4 6 9464
2 8 9472
2 1 9473
3 6 9475
10 7 9476
8 4 9478
4 3 9479
4 0 9481
9 7 9482
0 1 9483
0 2 9484
2 4 9485
9 1 9486
1 4 9487
6 1 9488
5 3 9489
9 0 9490
4 1 9494
5 1 9495
0 9 9496
6 9 9499
8 10 9500
6 9 9504
1 9 9509
0 7 9511
5 8 9514
3 9 9515
5 9 9518
6 7 9522
0 9 9526
3 7 9527
1 4 9528
2 1 9530
4 7 9532
10 6 9535
0 10 9536
7 9 9537
5 7 9538
10 2 9540
5 0 9543
6 4 9544
6 0 9550
10 6 9551
6 0 9553
6 3 9554
4 10 9556
1 9 9557
3 10 9559
7 0 9560
8 0 9561
1 7 9563
5 0 9569
10 0 9574
3 9 9577
2 3 9580
10 8 9581
2 0 9583
3 5 9584
4 7 9585
0 7 9586
7 8 9588
3 1 9589
2 1 9591
0 3 9593
4 9 9595
0 5 9596
2 6 9600
7 5 9603
8 7 9604
0 10 9605
9 5 9607
9 8 9615
4 3 9616
6 0 9619
5 2 9621
10 1 9625
8 5 9626
5 0 9627
0 10 9629
7 0 9633
8 4 9634
5 9 9638
4 8 9639
4 6 9641
5 3 9646
2 9 9647
8 9 9651
3 4 9653
10 7 9654
0 3 9660
10 1 9662
5 4 9665
0 7 9667
3 0 9668
7 8 9670
5 4 9671
10 8 9673
9 2 9674
3 5 9675
6 0 9676
6 1 9680
9 5 9683
0 3 9685
7 1 9687
9 6 9689
9 2 9690
7 8 9691
2 7 9692
0 1 9693
2 0 9696
9 7 9700
3 6 9701
6 10 9702
7 6 9703
7 9 9705
1 10 9706
1 10 9708
0 8 9710
4 5 9711
0 1 9713
4 5 9714
4 1 9716
0 8 9717
4 7 9719
2 10 9720
10 0 9723
7 2 9724
2 0 9725
4 5 9728
0 7 9730
9 5 9731
5 4 9733
5 2 9736
2 6 9738
3 5 9739
8 9 9746
5 4 9747
10 9 9748
5 8 9749
5 0 9753
7 4 9756
6 7 9757
8 4 9758
1 3 9761
0 5 9764
7 8 9765
0 3 9766
9 2 9768
10 6 9769
2 0 9770
10 0 9771
1 7 9773
2 6 9774
9 2 9775
3 10 9776
6 5 9780
4 2 9781
2 10 9784
3 4 9787
0 4 9788
6 8 9791
7 3 9794
6 2 9796
5 3 9799
8 3 9801
7 6 9803
3 10 9808
8 1 9811
4 7 9812
0 7 9815
1 4 9816
0 9 9817
7 10 9819
3 1 9826
6 4 9828
7 1 9829
0 2 9830
6 7 9832
2 6 9833
2 0 9838
5 8 9839
9 8 9841
5 2 9842
1 9 9843
9 7 9845
10 0 9846
3 9 9848
0 7 9850
9 6 9852
0 2 9853
0 2 9855
0 1 9857
9 6 9858
0 4 9861
8 5 9865
2 1 9866
10 3 9871
0 3 9875
0 6 9878
0 7 9879
2 4 9880
0 10 9881
5 10 9882
2 1 9888
5 4 9889
6 10 9895
0 3 9898
1 6 9900
7 5 9901
3 0 9902
0 9 9903
4 1 9905
5 8 9907
1 8 9910
1 2 9911
2 8 9912
4 3 9913
2 10 9917
0 7 9922
10 0 9923
7 9 9924
7 9 9925
6 0 9926
1 10 9927
6 4 9929
7 10 9930
8 4 9933
5 6 9934
3 10 9935
0 2 9940
3 8 9941
2 1 9946
10 8 9948
8 6 9952
5 9 9953
2 0 9959
1 3 9962
6 3 9963
7 9 9964
0 10 9966
9 8 9967
5 10 9968
3 1 9969
4 3 9970
10 2 9971
5 2 9974
9 7 9977
1 5 9979
2 1 9981
1 0 9984
2 1 9986
2 9 9993
10 7 9996
3 10 9997
7 1 9998
6 8 9999
1 6 10000
10 5 10001
9 4 10002
3 0 10008
8 0 10010
0 3 10011
7 8 10012
4 1 10014
7 2 10016
0 7 10017
7 0 10020
2 10 10021
0 6 10023
0 1 10024
2 8 10025
9 2 10027
3 2 10029
1 2 10030
9 7 10031
2 6 10034
10 0 10035
1 4 10037
2 6 10038
10 0 10040
7 10 10042
9 4 10043
1 4 10044
7 9 10046
4 0 10048
5 3 10049
7 8 10051
3 0 10052
10 9 10054
0 6 10055
10 2 10057
7 4 10059
1 9 10060
4 9 10066
7 0 10068
10 0 10069
10 4 10070
6 3 10074
10 5 10076
2 0 10077
7 10 10078
4 8 10079
4 3 10081
4 8 10085
3 7 10086
8 9 10087
2 6 10088
0 5 10092
8 2 10093
10 0 10095
1 8 10096
9 1 10099
10 6 10100
4 7 10102
8 4 10108
4 2 10110
10 5 10117
5 10 10121
9 4 10122
1 0 10123
3 8 10127
7 10 10128
10 9 10129
10 1 10131
2 6 10132
6 4 10133
6 4 10134
8 1 10135
8 0 10136
0 6 10137
6 3 10138
3 1 10139
5 10 10140
6 9 10143
10 2 10144
2 7 10146
5 9 10148
6 2 10154
1 6 10156
9 0 10157
5 3 10158
4 5 10160
1 3 10162
1 4 10163
10 3 10166
2 0 10168
3 5 10169
3 6 10170
7 10 10172
4 0 10176
2 7 10178
9 1 10184
8 5 10185
2 1 10186
8 4 10188
8 9 10190
5 9 10192
2 3 10193
10 9 10194
8 0 10195
9 6 10196
0 1 10197
8 3 10198
4 5 10200
1 3 10202
7 1 10203
3 10 10204
6 8 10205
3 0 10206
4 0 10207
5 8 10209
10 7 10213
2 1 10215
5 2 10216
1 2 10217
8 9 10219
9 0 10222
3 5 10223
4 2 10226
7 0 10228
3 9 10229
8 7 10231
2 6 10233
8 2 10237
7 4 10239
4 6 10243
1 4 10244
8 7 10245
3 1 10246
9 0 10247
0 10 10250
9 8 10251
2 4 10252
4 1 10255
6 5 10256
9 0 10258
4 6 10260
6 3 10265
9 0 10268
6 0 10270
2 8 10271
6 1 10272
7 4 10274
9 6 10275
10 7 10277
0 7 10278
2 7 10279
5 7 10285
4 2 10286
0 6 10287
8 9 10291
2 4 10292
10 7 10293
3 8 10294
4 10 10296
1 2 10298
4 0 10299
1 2 10300
7 0 10301
0 8 10304
0 10 10305
10 6 10306
1 0 10308
5 9 10309
3 10 10310
1 10 10312
2 4 10314
4 7 10316
8 3 10318
7 0 10320
8 7 10321
9 4 10324
8 4 10328
9 7 10330
3 1 10332
2 4 10337
9 10 10338
7 4 10340
9 10 10344
0 8 10345
8 6 10346
10 2 10347
7 1 10348
1 5 10349
0 6 10350
9 7 10352
5 4 10353
7 1 10354
1 10 10355
0 4 10356
10 5 10359
9 2 10360
3 9 10361
7 9 10362
4 0 10364
10 9 10372
9 5 10374
0 7 10379
2 1 10384
1 0 10388
5 3 10389
9 3 10390
5 3 10391
10 3 10392
7 9 10394
3 5 10395
5 7 10397
2 4 10400
5 4 10403
0 3 10404
1 8 10405
2 5 10406
9 3 10407
7 4 10408
4 2 10410
9 6 10411
2 10 10412
8 2 10413
5 10 10414
1 0 10415
1 3 10417
0 1 10422
2 1 10423
10 4 10425
10 7 10426
2 5 10430
1 9 10436
3 1 10444
1 0 10445
0 8 10449
3 10 10450
0 9 10452
7 9 10454
8 10 10456
8 2 10457
7 0 10458
3 0 10464
10 9 10465
4 8 10468
2 0 10470
8 2 10476
2 3 10481
10 4 10482
4 6 10484
1 6 10485
3 8 10487
6 1 10488
1 5 10490
9 8 10491
0 9 10492
6 9 10496
8 3 10497
9 10 10499
7 8 10504
8 2 10505
7 6 10509
4 7 10510
9 0 10513
6 3 10514
0 10 10515
9 10 10517
0 4 10518
9 2 10519
7 0 10521
8 5 10522
6 4 10526
4 0 10531
10 8 10533
8 3 10534
0 8 10535
8 4 10537
0 9 10538
1 2 10543
7 6 10545
4 5 10546
1 4 10547
10 8 10549
4 5 10550
4 2 10551
8 0 10555
6 8 10556
4 9 10557
9 1 10558
3 6 10559
6 5 10562
8 1 10565
9 1 10566
8 0 10569
3 6 10570
0 10 10571
0 7 10572
4 8 10573
2 8 10574
0 4 10576
5 6 10582
9 5 10583
5 9 10584
2 10 10585
9 10 10586
7 0 10587
2 3 10588
5 9 10590
4 3 10592
7 8 10594
4 0 10596
1 7 10600
8 6 10601
0 1 10603
1 6 10604
0 8 10609
6 9 10615
4 0 10619
6 2 10621
8 1 10624
0 4 10625
7 0 10626
8 4 10627
6 2 10628
1 9 10631
3 0 10633
2 7 10634
6 0 10635
9 3 10637
9 4 10638
1 5 10639
3 2 10640
0 3 10641
10 6 10645
6 9 10647
6 0 10649
4 3 10651
5 0 10655
6 2 10658
8 5 10659
6 8 10661
9 1 10663
10 5 10667
6 10 10669
6 9 10670
7 0 10672
9 10 10673
4 1 10675
8 1 10677
7 0 10680
6 8 10681
7 8 10682
3 4 10686
9 2 10688
6 5 10690
1 0 10691
10 5 10696
3 6 10700
5 1 10704
6 3 10706
5 10 10707
10 9 10708
9 4 10709
1 3 10711
10 6 10714
0 6 10715
0 9 10716
5 4 10719
8 9 10723
6 2 10724
1 3 10725
1 2 10727
5 0 10728
0 7 10731
3 6 10732
10 0 10733
7 1 10734
6 0 10736
5 1 10737
7 8 10738
2 7 10739
0 2 10746
9 0 10748
6 10 10749
10 5 10751
0 5 10752
2 5 10754
10 9 10755
9 2 10756
9 10 10760
3 4 10766
1 6 10768
0 7 10770
1 2 10772
9 8 10775
10 0 10776
7 8 10780
3 5 10781
7 5 10782
9 8 10784
7 2 10785
8 2 10786
7 10 10787
5 6 10788
5 3 10790
3 0 10794
0 2 10796
3 8 10797
7 1 10799
7 9 10800
3 0 10802
4 10 10806
1 7 10808
0 10 10811
0 5 10812
8 0 10813
3 9 10814
5 10 10816
8 4 10819
7 8 10823
10 8 10828
5 6 10832
4 10 10834
2 7 10838
8 3 10841
0 4 10842
4 2 10843
5 10 10846
6 8 10850
7 3 10851
6 0 10853
0 5 10854
2 0 10855
10 6 10856
8 10 10857
10 0 10859
9 1 10860
2 6 10861
8 6 10862
4 1 10866
5 6 10867
6 8 10869
2 8 10870
0 8 10874
2 9 10877
7 0 10879
3 8 10880
8 4 10882
3 5 10883
10 8 10887
9 4 10888
2 9 10890
7 10 10891
0 2 10893
6 1 10897
1 0 10898
6 1 10901
3 9 10902
0 7 10905
6 8 10907
4 8 10908
0 2 10909
5 3 10910
2 10 10912
4 3 10913
6 0 10914
2 6 10917
3 1 10918
10 2 10923
8 2 10924
7 3 10927
5 8 10929
8 7 10930
8 7 10934
8 5 10936
0 9 10937
6 1 10941
7 5 10942
0 5 10944
3 2 10948
6 8 10949
3 5 10950
9 6 10952
6 10 10954
8 4 10955
0 7 10961
4 8 10962
7 10 10963
4 9 10967
2 7 10968
1 5 10970
5 2 10971
9 2 10972
6 5 10973
2 5 10974
0 10 10975
0 6 10978
10 3 10980
8 3 10981
2 0 10982
1 0 10983
1 7 10985
1 3 10988
1 2 10989
8 4 10990
0 8 10994
5 9 10995
9 0 10997
10 0 10998
7 10 10999
4 3 11000
5 2 11004
4 1 11007
10 1 11009
3 7 11010
2 0 11015
2 3 11016
5 8 11017
6 1 11020
0 5 11024
6 2 11026
0 8 11027
5 1 11028
5 10 11031
9 0 11032
6 0 11034
5 6 11035
4 1 11036
4 6 11038
0 4 11042
5 6 11044
3 9 11045
9 1 11053
8 1 11054
5 6 11056
0 4 11057
8 3 11062
4 3 11064
4 1 11065
4 2 11066
9 10 11068
9 1 11070
6 7 11072
5 10 11074
3 7 11075
0 8 11076
0 10 11078
10 5 11079
3 4 11081
10 6 11085
7 1 11086
6 4 11087
1 9 11088
1 7 11089
8 1 11091
0 7 11093
2 8 11094
6 5 11096
7 4 11097
3 0 11098
8 2 11099
8 1 11101
10 8 11104
6 2 11107
1 8 11108
0 9 11110
2 3 11113
3 10 11115
0 1 11116
5 2 11117
6 7 11119
7 2 11121
3 5 11122
1 7 11128
9 10 11130
0 6 11132
8 6 11135
8 9 11140
3 9 11142
4 1 11143
3 2 11144
2 5 11145
0 3 11147
10 3 11150
3 1 11151
8 0 11152
10 6 11153
6 7 11154
2 1 11158
7 6 11161
7 1 11164
7 4 11168
9 1 11169
6 1 11171
9 3 11174
1 0 11176
8 3 11178
2 10 11180
4 2 11181
6 8 11184
10 1 11185
7 8 11189
4 2 11191
7 5 11192
5 10 11194
0 9 11195
3 2 11200
5 6 11202
10 5 11204
4 9 11205
9 1 11206
10 4 11207
4 10 11208
6 1 11209
2 3 11211
0 3 11212
0 10 11213
4 2 11214
2 5 11215
9 3 11218
1 2 11219
6 3 11221
2 0 11223
3 10 11225
9 5 11227
7 0 11228
10 9 11229
5 3 11230
4 6 11231
6 4 11233
10 5 11234
9 8 11235
0 3 11238
4 10 11239
3 6 11241
6 0 11244
5 10 11245
5 6 11246
4 1 11247
2 9 11248
6 7 11249
7 3 11250
7 0 11251
8 4 11252
8 9 11253
2 0 11254
1 4 11256
8 3 11258
3 10 11260
0 2 11265
0 5 11269
8 1 11270
4 8 11272
2 10 11275
6 7 11276
7 0 11277
8 10 11278
8 7 11280
8 9 11282
2 10 11283
5 3 11285
9 2 11286
7 10 11288
0 6 11289
8 4 11290
2 0 11292
6 3 11295
0 8 11297
6 1 11298
9 7 11299
2 6 11302
5 6 11303
5 6 11304
9 2 11306
10 6 11307
0 2 11308
6 10 11312
0 7 11313
0 9 11314
10 3 11318
10 4 11321
1 9 11322
5 3 11324
4 0 11330
7 5 11332
1 0 11337
4 3 11339
2 7 11340
5 8 11341
6 3 11342
9 5 11347
0 10 11348
8 7 11350
9 4 11351
8 10 11353
10 0 11354
3 4 11355
1 7 11364
2 10 11366
5 7 11368
2 4 11369
1 6 11370
10 1 11373
7 3 11374
3 9 11375
3 0 11377
8 4 11380
9 2 11383
0 3 11384
8 10 11389
7 6 11394
2 8 11395
3 9 11396
0 10 11397
10 1 11399
0 7 11406
0 1 11408
8 5 11409
7 0 11412
3 4 11417
4 0 11420
10 7 11421
5 3 11427
1 5 11429
10 6 11430
10 0 11431
4 6 11433
9 5 11434
0 4 11437
9 1 11441
1 6 11442
1 6 11444
4 1 11445
8 10 11446
4 9 11447
8 0 11448
4 1 11449
7 0 11450
3 2 11452
5 10 11457
7 5 11460
8 0 11461
6 0 11467
0 4 11470
10 5 11471
0 4 11476
10 2 11477
6 5 11480
5 4 11481
3 4 11482
2 10 11484
5 8 11487
1 8 11488
1 7 11489
3 9 11490
0 10 11494
10 3 11497
1 10 11498
1 8 11499
5 7 11500
6 5 11501
6 10 11502
4 3 11508
10 5 11509
6 5 11511
2 0 11512
0 1 11513
4 5 11515
0 10 11516
5 2 11519
3 0 11522
0 10 11525
4 10 11528
10 3 11530
6 8 11531
1 0 11533
10 9 11534
8 4 11535
0 2 11537
9 1 11538
2 0 11539
2 3 11543
6 0 11544
6 8 11545
4 10 11546
6 0 11547
5 10 11548
5 3 11549
7 2 11550
5 8 11555
0 3 11557
10 0 11558
10 5 11559
3 8 11563
10 4 11565
0 3 11566
10 3 11567
9 3 11572
6 1 11573
4 3 11577
2 10 11578
7 1 11580
9 2 11581
0 4 11583
1 5 11592
8 0 11593
0 1 11595
4 2 11597
7 2 11599
10 2 11600
5 7 11603
10 7 11605
1 6 11606
9 10 11608
2 10 11609
0 8 11610
9 1 11611
2 10 11614
2 0 11616
8 10 11617
7 10 11618
6 0 11620
10 2 11621
3 9 11622
1 8 11625
10 0 11632
7 3 11634
2 0 11635
10 6 11636
4 9 11638
8 9 11640
2 9 11641
1 3 11643
7 9 11644
7 2 11646
2 0 11648
8 5 11651
7 4 11652
9 6 11657
7 3 11658
8 10 11659
2 9 11661
2 10 11662
4 1 11663
5 8 11664
2 0 11667
10 3 11672
1 4 11676
7 6 11677
2 8 11680
6 5 11681
4 0 11682
6 1 11683
6 7 11684
8 4 11686
10 0 11687
6 2 11688
7 9 11692
4 2 11695
1 6 11696
6 10 11697
6 4 11698
8 7 11699
8 9 11705
8 2 11708
0 9 11709
10 2 11711
3 10 11712
1 9 11713
5 1 11714
2 10 11720
0 10 11721
8 7 11722
6 1 11726
6 7 11727
0 10 11731
3 7 11732
8 6 11736
5 3 11738
8 5 11739
5 8 11742
5 3 11747
6 5 11749
2 1 11750
7 2 11752
0 7 11754
4 5 11757
3 5 11760
4 0 11761
7 2 11763
5 2 11764
4 0 11767
3 5 11769
7 0 11771
1 3 11772
3 0 11774
10 8 11775
5 8 11776
3 1 11778
0 1 11779
2 1 11780
3 2 11781
1 5 11782
2 0 11786
1 9 11788
5 0 11791
6 9 11793
6 9 11794
7 10 11797
4 9 11798
8 9 11799
1 9 11800
3 4 11801
8 0 11804
0 6 11805
0 4 11806
9 7 11809
3 4 11810
2 1 11812
9 5 11813
8 4 11814
3 2 11819
3 6 11820
0 9 11823
10 7 11827
7 0 11828
8 6 11829
3 1 11831
2 7 11832
9 8 11833
0 2 11836
2 3 11838
9 10 11841
5 4 11842
9 3 11843
7 0 11845
9 0 11846
4 5 11847
3 4 11848
2 8 11850
2 6 11853
9 3 11856
4 2 11857
9 1 11858
5 1 11859
10 0 11860
2 1 11862
7 2 11864
7 5 11867
5 3 11868
5 7 11870
6 1 11872
5 8 11873
4 5 11876
2 5 11878
0 10 11879
8 4 11882
5 9 11884
10 2 11889
4 8 11890
7 6 11891
4 7 11893
9 4 11895
2 7 11897
2 0 11906
0 6 11907
10 9 11908
3 6 11910
10 6 11911
6 10 11913
2 7 11916
10 9 11917
0 9 11918
5 10 11919
5 0 11923
5 0 11928
9 8 11929
10 1 11931
10 5 11933
8 4 11934
8 7 11935
8 9 11936
3 8 11937
10 7 11938
5 6 11940
3 0 11941
9 2 11942
4 8 11943
2 5 11947
1 3 11954
9 10 11955
9 2 11956
3 8 11957
8 7 11958
1 9 11959
0 1 11962
8 1 11964
1 10 11965
10 9 11966
2 6 11967
8 1 11968
7 2 11969
9 10 11972
0 10 11973
1 0 11975
1 0 11980
2 3 11983
8 10 11984
6 9 11986
6 0 11987
7 3 11990
9 7 11998
2 9 11999
4 10 12002
9 3 12003
3 0 12004
8 1 12005
1 8 12006
3 6 12011
9 4 12012
0 9 12014
3 9 12015
9 7 12018
8 3 12027
7 4 12029
0 5 12033
5 7 12034
1 3 12035
6 5 12036
1 8 12037
9 4 12038
9 10 12039
9 10 12041
3 6 12044
6 3 12045
0 6 12046
9 7 12047
2 0 12049
6 4 12051
0 1 12052
9 4 12054
8 0 12055
0 1 12056
4 7 12057
4 9 12059
2 0 12061
8 6 12063
6 4 12064
2 0 12066
8 5 12068
7 4 12069
7 0 12072
7 4 12074
6 2 12076
8 2 12078
7 0 12082
1 0 12083
8 10 12089
3 6 12091
9 0 12094
3 10 12096
9 3 12097
4 8 12098
1 9 12099
3 7 12101
0 1 12102
4 6 12106
0 8 12109
4 0 12110
10 7 12111
8 1 12112
2 0 12113
5 3 12114
8 9 12116
8 10 12117
0 2 12118
5 9 12119
6 5 12121
2 9 12127
9 0 12129
0 7 12130
8 3 12131
2 1 12133
2 5 12136
8 7 12139
0 7 12140
9 10 12143
3 10 12144
1 7 12145
1 8 12148
5 3 12150
6 1 12153
8 0 12155
0 7 12158
9 4 12160
5 0 12162
2 0 12163
10 4 12164
7 8 12166
2 4 12167
8 7 12168
6 3 12169
0 3 12170
3 1 12172
6 8 12174
7 0 12179
3 5 12181
9 2 12183
7 2 12187
4 1 12190
8 0 12191
6 10 12200
8 7 12201
9 5 12205
10 5 12208
1 0 12210
3 1 12216
9 4 12219
0 9 12221
0 8 12223
5 2 12226
7 5 12227
8 4 12228
3 0 12229
2 1 12230
8 0 12231
10 4 12236
8 4 12237
9 7 12238
9 8 12240
2 7 12241
10 7 12243
2 9 12244
1 2 12247
2 8 12248
1 0 12249
5 0 12253
7 3 12255
7 8 12256
1 5 12257
0 7 12260
1 8 12261
3 8 12262
7 0 12264
3 2 12265
2 0 12266
2 7 12267
6 4 12268
3 4 12272
1 5 12274
3 5 12275
3 1 12276
0 5 12277
0 7 12279
7 4 12283
0 7 12284
1 7 12287
1 3 12289
8 4 12291
3 2 12292
3 5 12294
1 3 12297
4 9 12299
3 9 12300
10 5 12301
6 0 12302
8 3 12303
9 4 12304
4 9 12306
3 8 12308
5 4 12311
4 9 12314
2 6 12315
1 3 12316
0 9 12318
10 0 12325
7 0 12328
9 7 12329
8 0 12330
5 0 12331
3 10 12335
5 1 12344
10 0 12345
7 8 12347
5 4 12348
0 6 12349
3 9 12350
1 6 12352
9 6 12353
2 0 12354
1 4 12355
1 6 12359
0 5 12365
8 9 12368
5 8 12372
9 0 12374
2 1 12375
10 1 12376
6 0 12377
8 1 12378
1 10 12379
3 6 12382
10 7 12384
7 2 12385
3 9 12386
0 6 12387
3 1 12390
2 8 12394
6 3 12395
9 3 12396
7 10 12397
8 5 12402
0 5 12404
5 1 12407
2 9 12408
0 6 12409
5 10 12413
10 0 12415
7 6 12416
0 4 12418
4 2 12421
2 5 12423
9 6 12424
5 1 12430
1 6 12434
5 0 12438
5 2 12440
1 10 12442
3 2 12443
5 3 12447
10 1 12448
3 6 12454
9 4 12456
10 2 12459
6 7 12464
1 0 12465
9 3 12467
8 7 12469
10 0 12471
10 9 12472
8 0 12473
2 7 12479
1 6 12480
1 4 12481
5 2 12482
0 9 12483
7 4 12485
1 2 12487
7 10 12490
3 10 12491
3 4 12492
10 8 12494
1 9 12496
2 8 12497
2 3 12499
0 6 12502
5 4 12509
8 1 12510
5 8 12513
7 4 12519
7 8 12520
1 5 12522
4 1 12523
4 1 12524
8 7 12525
5 0 12526
3 0 12527
8 4 12528
8 4 12531
4 5 12539
8 4 12540
9 10 12543
6 2 12545
5 8 12546
9 1 12549
0 9 12551
6 9 12552
1 3 12556
6 1 12559
1 3 12561
10 8 12562
8 4 12565
10 2 12566
0 7 12571
6 4 12574
0 10 12575
9 8 12577
2 5 12578
9 10 12579
3 7 12581
4 10 12583
3 4 12584
9 6 12585
3 10 12586
8 3 12587
7 0 12588
5 7 12590
6 3 12592
10 7 12593
3 6 12596
7 2 12597
1 5 12599
2 3 12602
8 0 12604
1 10 12606
0 4 12609
7 4 12611
5 0 12612
8 1 12613
0 7 12615
0 7 12621
6 10 12624
0 4 12627
9 2 12628
10 2 12632
0 1 12634
0 5 12636
0 3 12637
0 1 12638
0 1 12640
7 9 12645
9 1 12646
1 2 12648
2 1 12649
3 2 12650
2 0 12651
6 2 12652
7 2 12654
9 0 12656
5 7 12657
5 1 12659
2 3 12660
5 0 12662
3 9 12665
2 5 12667
0 10 12668
10 5 12670
8 2 12672
5 2 12675
2 8 12679
9 6 12681
0 10 12682
1 4 12683
1 3 12685
0 3 12687
9 0 12688
5 2 12692
0 3 12693
7 5 12696
10 4 12697
10 0 12698
0 3 12702
10 5 12704
5 4 12706
6 9 12711
0 2 12713
7 1 12720
2 7 12723
4 1 12726
5 8 12727
4 5 12728
3 8 12729
8 9 12731
10 8 12733
9 0 12734
0 9 12738
8 9 12739
6 1 12741
10 7 12742
5 2 12743
8 4 12745
5 10 12746
3 9 12747
4 7 12749
8 9 12754
3 0 12755
0 1 12757
5 1 12758
5 9 12759
2 9 12760
7 1 12765
5 1 12766
10 1 12770
3 1 12771
3 4 12772
9 0 12773
2 1 12774
2 10 12775
8 0 12778
9 6 12779
6 1 12783
5 1 12784
4 9 12785
4 1 12789
9 2 12791
0 2 12797
2 9 12798
2 4 12799
9 0 12802
7 2 12803
3 10 12805
3 0 12807
3 10 12808
1 3 12809
6 7 12811
0 5 12812
6 4 12813
1 0 12814
3 7 12815
9 10 12816
1 2 12818
2 7 12819
2 8 12824
9 4 12825
9 4 12827
5 0 12828
6 1 12830
9 0 12837
10 1 12839
6 10 12841
4 1 12842
7 9 12843
6 5 12844
8 3 12851
6 2 12852
0 3 12853
8 5 12854
10 0 12855
8 4 12857
4 0 12859
2 6 12860
8 0 12862
0 10 12864
0 10 12865
10 2 12868
0 8 12869
4 10 12874
4 5 12875
2 0 12876
6 9 12877
1 10 12880
8 7 12883
1 3 12888
7 1 12889
9 10 12892
0 4 12893
3 6 12894
3 0 12896
10 2 12897
10 4 12901
0 8 12903
7 9 12904
10 0 12905
5 7 12907
8 4 12909
7 0 12910
8 6 12911
4 2 12913
4 5 12915
3 9 12918
6 8 12920
2 9 12922
5 9 12925
2 10 12926
3 9 12929
0 10 12933
8 7 12940
8 1 12946
6 1 12952
2 1 12953
3 10 12954
4 10 12955
7 2 12956
7 9 12958
10 0 12959
0 7 12961
3 6 12962
5 4 12967
1 7 12968
4 1 12969
2 6 12970
8 3 12972
6 4 12975
5 7 12977
1 0 12979
0 10 12983
7 8 12986
0 6 12989
7 0 12990
9 0 12992
4 7 12996
7 8 12997
2 8 12998
8 4 12999
6 7 13000
5 0 13001
1 8 13003
10 8 13004
8 1 13007
10 5 13008
1 2 13013
8 7 13014
9 4 13020
4 2 13021
7 3 13023
1 0 13026
7 0 13032
5 8 13034
6 3 13035
1 10 13036
3 2 13038
3 9 13039
5 3 13040
0 4 13041
5 10 13042
0 10 13043
3 2 13044
8 10 13046
9 5 13048
5 3 13050
4 2 13052
7 3 13053
5 10 13054
4 1 13055
6 9 13057
1 0 13059
6 5 13060
7 4 13062
0 4 13063
8 3 13065
6 8 13070
4 1 13073
6 7 13074
5 7 13075
0 10 13076
0 3 13080
6 0 13083
9 8 13085
3 5 13086
1 5 13088
6 0 13091
3 1 13092
2 3 13093
6 4 13095
0 2 13096
1 0 13097
9 0 13099
0 8 13102
9 3 13103
6 4 13104
7 6 13105
9 5 13107
6 5 13110
5 8 13111
2 3 13112
5 0 13114
2 10 13116
5 8 13117
5 8 13119
3 8 13120
8 1 13121
0 5 13122
2 0 13123
10 2 13124
5 7 13128
0 1 13130
0 8 13134
10 3 13135
3 8 13137
1 0 13138
2 1 13139
5 0 13140
2 4 13141
10 8 13142
9 10 13145
9 0 13146
10 6 13147
5 4 13149
3 2 13151
3 5 13153
7 0 13155
3 8 13156
9 6 13159
3 2 13160
6 9 13163
8 0 13170
9 4 13171
4 5 13172
6 2 13173
4 5 13176
8 7 13179
2 3 13180
8 2 13181
4 2 13183
1 3 13184
2 0 13186
2 10 13188
6 5 13189
8 0 13190
10 4 13193
6 10 13195
10 3 13199
2 5 13200
3 5 13202
10 9 13205
5 0 13206
7 2 13208
9 0 13209
8 6 13211
10 9 13214
10 3 13215
8 5 13216
10 2 13218
5 6 13222
5 0 13224
9 0 13226
6 1 13227
2 6 13230
6 4 13235
1 6 13237
8 1 13240
1 0 13242
0 2 13245
2 5 13246
0 4 13249
0 7 13250
5 3 13256
1 6 13258
7 2 13259
5 3 13261
10 9 13262
8 5 13264
10 4 13266
1 9 13267
6 3 13268
4 0 13269
0 6 13270
10 2 13271
8 5 13273
2 0 13277
7 3 13278
4 10 13279
2 4 13281
7 2 13282
9 6 13288
10 0 13289
8 0 13290
7 1 13291
7 5 13293
7 3 13296
1 0 13298
9 1 13300
6 4 13301
2 3 13302
1 6 13303
0 1 13304
1 2 13305
7 3 13307
9 0 13308
10 9 13310
2 6 13315
10 7 13319
7 9 13321
2 6 13325
7 4 13326
0 5 13328
8 6 13331
2 5 13334
6 3 13335
5 1 13336
3 4 13337
1 9 13338
7 5 13339
0 1 13341
1 4 13343
9 0 13346
3 1 13349
3 4 13350
8 7 13354
3 10 13356
4 10 13357
3 10 13359
7 9 13360
5 9 13362
8 10 13365
0 8 13367
8 5 13368
4 5 13370
1 7 13371
9 5 13372
5 4 13373
8 10 13374
1 4 13378
3 5 13379
0 4 13381
0 7 13382
10 6 13383
6 1 13386
1 6 13387
8 1 13388
8 3 13389
6 0 13394
4 1 13395
5 8 13398
4 3 13401
0 3 13402
7 5 13403
0 7 13404
6 5 13405
6 3 13406
7 1 13407
7 6 13408
7 8 13409
1 0 13410
7 5 13412
1 0 13415
2 3 13416
8 10 13417
9 4 13419
0 5 13421
1 6 13425
5 2 13427
8 10 13428
8 10 13433
8 2 13435
4 0 13438
1 6 13440
7 5 13441
1 4 13442
8 6 13444
5 1 13445
10 3 13446
7 8 13448
7 0 13449
9 0 13450
0 10 13457
2 8 13458
0 3 13461
6 2 13462
10 9 13464
5 6 13466
4 10 13468
6 9 13469
9 5 13470
0 1 13472
10 0 13473
0 7 13475
2 0 13476
2 1 13480
1 7 13481
4 10 13485
4 3 13486
1 7 13487
10 9 13492
7 4 13493
0 3 13494
8 3 13495
7 1 13498
2 9 13501
3 0 13502
8 9 13503
7 6 13504
10 5 13507
4 2 13512
6 10 13515
0 7 13519
5 3 13521
2 10 13522
8 6 13523
0 8 13525
0 1 13526
1 5 13530
3 5 13531
1 7 13533
5 10 13534
0 6 13536
3 5 13537
0 5 13539
1 4 13540
2 6 13543
0 5 13544
6 4 13545
1 7 13549
8 6 13553
7 6 13554
5 0 13557
9 6 13558
10 9 13559
8 0 13561
5 8 13563
8 1 13564
1 0 13565
7 0 13566
0 8 13567
6 8 13568
3 0 13569
0 5 13571
7 0 13573
0 8 13574
0 10 13576
0 8 13578
4 3 13582
10 0 13583
1 8 13585
1 0 13586
7 0 13587
1 5 13588
3 8 13592
5 9 13596
1 7 13598
9 10 13600
4 0 13601
4 3 13602
10 7 13603
2 7 13604
0 6 13605
0 5 13606
3 7 13607
1 9 13610
6 1 13612
5 3 13614
8 0 13615
6 2 13616
4 7 13617
7 3 13618
0 10 13619
8 5 13622
2 7 13625
1 10 13628
7 2 13629
6 5 13632
4 6 13637
9 1 13638
8 9 13640
5 9 13641
0 2 13642
1 9 13644
10 9 13646
9 7 13647
4 10 13648
10 8 13649
9 10 13650
4 7 13651
5 3 13653
5 8 13654
3 0 13656
4 7 13659
0 3 13660
0 6 13662
7 5 13663
9 1 13665
4 9 13666
9 7 13668
2 1 13669
3 8 13670
10 0 13671
4 9 13672
0 1 13674
0 8 13675
8 1 13676
10 0 13677
2 1 13679
6 9 13682
4 1 13689
10 2 13690
7 0 13695
5 9 13697
0 1 13703
7 8 13706
1 6 13708
8 7 13710
8 1 13711
10 9 13714
1 5 13721
0 6 13727
10 0 13728
3 1 13731
0 5 13738
6 4 13741
4 1 13744
8 4 13745
8 3 13746
1 5 13747
10 0 13748
9 8 13749
0 9 13751
10 1 13752
4 9 13753
10 3 13754
2 10 13758
7 6 13759
10 5 13760
1 4 13761
1 6 13765
5 4 13771
8 0 13772
0 7 13779
10 9 13780
5 9 13781
2 4 13783
9 5 13784
3 5 13786
2 6 13788
9 2 13791
8 9 13792
0 3 13797
7 9 13799
5 8 13801
10 0 13802
1 3 13803
5 6 13804
4 2 13805
3 9 13806
10 1 13810
1 10 13816
0 4 13817
5 1 13818
8 1 13819
1 4 13822
3 4 13825
0 1 13828
3 5 13833
9 10 13834
6 3 13836
8 6 13837
7 0 13838
7 1 13842
10 4 13846
6 5 13847
6 1 13848
8 4 13849
2 4 13852
1 2 13855
5 3 13856
0 2 13857
0 6 13861
6 0 13863
6 8 13865
2 8 13866
4 6 13867
3 5 13868
7 0 13869
2 9 13870
10 9 13871
7 5 13872
8 0 13876
1 4 13878
0 10 13880
6 0 13881
0 1 13882
9 5 13883
0 4 13886
7 9 13887
5 6 13888
1 2 13890
0 3 13893
6 7 13894
7 2 13895
8 3 13896
10 4 13898
5 7 13899
0 1 13900
10 2 13903
1 0 13907
0 1 13909
3 0 13911
8 7 13914
9 1 13916
4 0 13921
6 1 13922
4 1 13923
4 0 13924
4 9 13925
10 8 13927
3 1 13929
9 0 13930
9 7 13931
1 2 13934
1 9 13937
6 2 13938
5 10 13940
3 9 13941
10 4 13942
6 9 13943
5 3 13944
3 0 13945
6 1 13947
0 4 13953
10 5 13954
9 1 13958
8 7 13959
10 6 13961
9 3 13964
0 6 13966
10 6 13967
0 3 13968
5 10 13969
10 7 13970
0 4 13971
10 8 13972
9 3 13977
1 7 13981
0 7 13983
4 1 13986
8 0 13988
0 7 13989
5 4 13990
6 0 13992
9 1 13993
8 6 13994
4 3 13995
7 4 13999
6 1 14000
1 3 14002
1 5 14004
0 10 14009
0 3 14014
1 8 14017
4 3 14018
8 5 14019
0 5 14020
0 6 14022
3 2 14025
10 6 14026
6 5 14031
0 2 14032
5 7 14034
4 5 14035
5 3 14037
7 0 14038
9 8 14039
3 10 14040
9 3 14041
2 6 14042
8 2 14044
0 6 14046
1 8 14047
8 3 14048
5 10 14049
2 9 14053
2 7 14057
4 1 14058
10 4 14060
1 3 14062
7 4 14063
0 9 14065
4 6 14066
4 1 14069
6 8 14071
3 2 14075
10 0 14078
9 7 14079
1 7 14082
0 8 14084
10 5 14086
0 9 14087
4 0 14088
3 5 14093
9 8 14098
4 0 14099
10 4 14100
9 0 14102
5 8 14105
3 1 14106
7 4 14107
9 0 14108
7 10 14109
6 3 14111
10 1 14112
6 3 14114
3 10 14116
5 2 14117
0 5 14118
10 8 14120
3 2 14123
0 5 14124
10 1 14125
2 3 14126
6 0 14127
9 2 14128
5 1 14130
10 7 14137
5 6 14138
3 6 14140
8 0 14141
0 1 14143
4 0 14144
5 6 14152
1 4 14153
4 7 14158
3 6 14161
2 7 14162
7 0 14164
2 4 14165
1 2 14166
0 3 14168
10 2 14169
7 0 14170
8 6 14172
1 7 14173
9 8 14175
3 5 14180
6 5 14183
8 1 14185
9 10 14187
0 6 14188
4 1 14191
7 9 14194
0 9 14195
4 2 14198
8 3 14201
8 4 14202
7 0 14203
4 8 14204
7 5 14209
10 0 14212
0 2 14213
4 10 14214
6 2 14216
4 6 14217
8 10 14219
0 2 14222
9 0 14223
4 0 14226
5 7 14227
0 7 14229
7 3 14231
5 4 14232
3 10 14233
2 6 14236
10 6 14237
1 7 14240
1 9 14243
10 1 14244
7 8 14246
9 0 14247
2 7 14248
1 9 14249
1 5 14255
6 1 14257
0 3 14259
3 9 14260
10 9 14262
10 9 14266
8 3 14268
0 6 14271
7 1 14272
8 6 14273
1 5 14277
8 4 14278
9 10 14281
6 1 14282
3 2 14283
8 3 14284
1 5 14287
0 4 14289
6 9 14290
3 4 14292
9 1 14293
2 8 14295
5 0 14297
6 3 14299
0 1 14302
4 8 14303
2 6 14307
8 0 14309
3 2 14311
0 1 14315
4 2 14316
3 2 14317
3 0 14320
4 1 14321
6 5 14322
4 1 14323
9 2 14328
0 3 14333
5 0 14335
9 8 14336
3 0 14338
2 8 14339
8 3 14341
10 2 14342
10 3 14343
4 10 14345
9 6 14348
3 0 14349
6 9 14353
8 4 14354
0 1 14355
8 3 14360
10 3 14362
6 7 14363
3 8 14364
6 8 14365
4 5 14367
3 0 14371
7 3 14372
0 3 14375
2 3 14377
8 7 14379
5 4 14380
3 10 14381
2 9 14383
4 10 14385
7 8 14387
0 3 14388
3 9 14390
4 0 14391
1 6 14392
8 9 14394
8 3 14399
2 8 14401
5 6 14403
6 7 14404
3 0 14406
0 7 14409
3 2 14410
3 2 14411
5 10 14413
3 4 14414
9 10 14415
8 10 14417
8 5 14420
2 5 14423
1 3 14426
0 4 14429
9 10 14436
7 2 14438
8 6 14439
9 8 14440
10 5 14442
6 4 14443
7 1 14445
5 6 14452
0 8 14453
0 9 14458
10 2 14460
1 8 14461
9 5 14464
8 1 14465
2 4 14466
10 4 14467
9 6 14470
6 2 14473
2 3 14476
0 4 14477
1 10 14480
0 7 14481
5 9 14482
0 1 14483
9 8 14487
2 10 14488
10 6 14490
0 6 14491
2 6 14493
0 4 14497
0 5 14498
7 10 14499
7 2 14501
4 6 14502
4 1 14503
0 10 14506
1 3 14509
4 7 14510
1 6 14512
1 0 14513
6 4 14514
4 1 14517
5 0 14524
6 2 14525
6 4 14526
1 4 14527
6 10 14528
5 2 14529
3 8 14532
8 0 14533
3 7 14536
4 7 14540
10 2 14543
5 9 14546
3 0 14547
1 2 14549
8 3 14556
9 5 14557
3 9 14558
6 0 14559
10 3 14560
2 1 14561
10 1 14563
0 10 14566
10 2 14568
8 9 14574
5 4 14578
8 6 14579
2 8 14580
9 0 14581
5 8 14582
6 5 14583
3 0 14585
2 4 14586
6 4 14589
4 7 14590
4 0 14592
8 0 14594
5 7 14595
3 0 14596
7 3 14598
1 9 14600
10 1 14604
2 8 14606
2 10 14610
10 2 14611
2 10 14612
8 1 14615
8 9 14620
0 2 14621
10 5 14622
4 9 14624
8 6 14625
3 8 14626
4 0 14628
0 3 14630
10 4 14631
5 1 14633
7 9 14634
9 0 14635
0 8 14636
6 9 14637
2 8 14638
6 9 14643
10 4 14645
10 0 14649
4 2 14655
9 0 14656
1 0 14660
4 0 14661
3 6 14664
9 3 14665
6 2 14669
1 6 14672
10 4 14673
4 9 14674
7 10 14676
9 0 14677
5 3 14678
6 0 14680
10 5 14683
1 8 14685
7 9 14686
4 1 14688
7 6 14689
0 5 14690
8 3 14692
8 7 14693
8 9 14694
0 10 14697
9 7 14701
1 3 14703
1 4 14705
5 10 14706
6 4 14708
2 5 14710
4 2 14711
4 10 14716
1 7 14719
9 0 14720
4 9 14724
3 9 14725
2 3 14726
1 5 14727
5 3 14728
8 9 14730
9 0 14736
1 9 14737
8 3 14739
4 0 14744
5 7 14746
6 1 14750
6 0 14751
7 5 14753
6 3 14755
3 7 14756
5 0 14757
2 8 14763
6 4 14766
10 0 14767
2 6 14768
9 2 14770
6 1 14774
10 8 14775
9 6 14783
8 5 14784
9 8 14786
2 7 14789
3 2 14790
5 0 14796
3 10 14797
10 0 14801
3 4 14802
1 9 14804
4 0 14808
6 8 14810
1 10 14811
4 9 14812
4 0 14813
4 0 14815
10 5 14818
0 2 14819
7 0 14820
0 1 14822
7 6 14825
0 1 14827
4 1 14828
1 2 14829
7 0 14830
3 0 14831
0 2 14835
9 0 14836
6 1 14837
2 10 14839
2 4 14840
0 10 14844
3 10 14845
5 0 14846
7 10 14847
0 2 14850
5 1 14851
6 10 14854
1 10 14857
8 10 14858
8 0 14859
1 10 14861
4 7 14865
7 8 14866
9 8 14867
9 0 14870
1 6 14871
10 4 14873
2 7 14874
2 10 14875
9 1 14876
6 0 14878
8 7 14879
5 3 14883
7 2 14885
2 0 14886
10 4 14888
2 3 14893
3 9 14894
4 5 14896
7 8 14897
8 3 14900
7 0 14907
4 10 14909
8 1 14915
6 0 14916
8 9 14925
4 5 14926
4 1 14927
0 10 14929
3 10 14930
10 5 14933
3 7 14935
1 3 14936
10 2 14940
0 5 14943
0 2 14944
10 5 14945
2 0 14950
7 3 14951
4 9 14953
4 2 14954
3 7 14960
4 0 14963
1 7 14964
8 0 14965
6 7 14966
9 2 14967
5 9 14969
6 0 14970
8 5 14971
4 5 14972
9 10 14973
0 4 14977
9 10 14979
10 0 14981
0 9 14984
8 10 14987
1 7 14989
9 2 14993
5 0 14995
9 2 15000
8 2 15002
9 7 15003
6 1 15005
0 2 15007
0 5 15008
1 5 15009
5 4 15011
3 7 15012
8 3 15014
7 0 15015
1 3 15017
7 9 15019
1 10 15021
0 8 15025
7 5 15026
9 1 15028
9 6 15029
1 6 15030
2 5 15031
4 2 15035
5 0 15037
5 6 15040
4 0 15041
0 3 15046
1 10 15050
8 10 15051
5 6 15054
4 10 15057
8 7 15058
2 5 15060
6 1 15061
2 8 15063
5 9 15064
0 7 15065
6 8 15067
3 2 15072
9 7 15075
1 9 15078
7 10 15079
0 6 15081
6 1 15082
6 1 15083
0 2 15084
0 4 15086
3 2 15088
5 3 15090
5 4 15094
8 5 15099
4 6 15101
3 7 15103
9 6 15105
9 10 15106
1 7 15108
0 9 15109
2 5 15116
4 9 15117
10 8 15123
6 2 15130
4 10 15132
6 4 15133
9 4 15136
4 9 15142
10 1 15143
0 7 15144
1 4 15149
5 8 15150
5 2 15151
2 0 15152
4 9 15153
8 9 15155
6 8 15158
5 2 15159
4 5 15160
10 0 15162
2 9 15163
2 10 15164
9 10 15166
2 6 15170
0 7 15173
9 5 15175
1 0 15176
2 8 15177
4 5 15179
6 0 15181
3 4 15184
7 1 15190
8 5 15192
10 4 15193
1 8 15195
8 1 15200
5 9 15201
0 3 15202
2 7 15204
2 0 15205
5 0 15208
7 10 15209
7 1 15211
4 6 15216
7 8 15219
4 9 15220
4 9 15221
8 3 15222
9 10 15225
0 2 15230
10 3 15231
0 8 15235
9 1 15236
2 0 15240
7 0 15243
9 8 15245
4 3 15248
4 9 15250
9 7 15251
5 0 15252
3 8 15253
5 3 15254
8 2 15256
4 9 15257
6 3 15258
8 5 15259
0 9 15260
5 2 15262
4 2 15266
0 10 15267
2 10 15268
1 8 15272
3 0 15275
7 6 15277
9 1 15278
4 9 15279
6 0 15280
3 2 15285
3 2 15286
0 4 15289
7 6 15290
1 8 15294
6 7 15295
4 0 15296
7 2 15297
8 7 15299
1 5 15301
4 8 15305
7 9 15307
9 0 15309
3 6 15310
6 10 15312
6 3 15313
0 6 15315
7 5 15322
10 0 15326
1 8 15327
0 7 15328
6 0 15331
5 0 15333
0 6 15336
9 2 15338
9 0 15339
9 3 15343
9 0 15347
6 3 15348
8 6 15349
7 8 15355
2 7 15365
0 8 15366
8 9 15368
4 10 15370
5 1 15373
0 4 15378
6 10 15379
6 4 15381
1 5 15391
6 4 15392
5 0 15393
7 0 15395
7 3 15400
0 1 15401
5 0 15402
5 0 15404
10 1 15405
10 5 15406
9 8 15407
10 4 15408
5 3 15409
3 0 15411
3 10 15413
9 1 15417
6 0 15418
5 9 15420
10 2 15423
5 7 15424
6 7 15425
9 4 15427
2 3 15437
6 0 15438
5 7 15439
4 7 15440
3 7 15442
0 4 15443
8 3 15445
10 1 15446
1 6 15447
10 9 15449
4 2 15450
0 5 15452
6 5 15457
3 5 15459
8 3 15461
4 6 15462
3 0 15463
3 0 15464
10 5 15465
8 6 15466
2 7 15469
10 0 15476
8 10 15484
4 9 15487
9 8 15491
6 10 15494
4 2 15495
0 9 15499
10 4 15500
2 4 15502
9 7 15503
10 0 15504
10 9 15505
2 7 15507
5 3 15509
7 8 15512
0 5 15514
9 4 15518
8 10 15521
4 7 15525
7 8 15526
0 10 15527
2 8 15528
2 3 15530
10 5 15531
3 4 15532
4 10 15533
3 4 15534
2 1 15535
10 3 15538
0 10 15539
0 10 15540
7 2 15541
10 4 15542
5 4 15548
7 10 15550
2 4 15552
5 0 15555
2 4 15556
4 3 15557
6 2 15558
3 0 15559
4 6 15560
7 1 15561
0 5 15564
5 8 15567
8 2 15568
10 6 15569
1 9 15570
6 2 15574
8 6 15575
0 9 15577
9 10 15579
10 2 15580
5 7 15582
6 2 15584
10 2 15586
4 9 15589
6 3 15594
10 0 15597
7 10 15599
0 1 15600
1 3 15602
2 5 15603
10 4 15604
8 4 15605
0 1 15609
4 10 15611
4 9 15613
6 0 15615
0 10 15616
0 1 15618
3 7 15621
10 7 15623
6 8 15625
0 5 15626
0 7 15627
0 9 15628
7 3 15633
3 8 15635
2 4 15638
0 8 15642
10 9 15643
6 9 15646
8 9 15647
0 3 15649
8 1 15653
4 3 15654
0 10 15656
10 7 15657
8 2 15663
10 0 15664
5 8 15665
4 2 15670
8 1 15673
7 5 15674
1 5 15677
5 4 15678
6 0 15679
5 2 15680
0 5 15681
0 6 15682
9 0 15684
1 8 15685
7 2 15686
0 5 15690
4 9 15691
10 9 15693
2 4 15697
6 10 15700
3 2 15702
0 2 15703
7 4 15705
1 10 15707
1 10 15709
10 7 15710
9 8 15716
8 10 15718
9 5 15721
8 4 15722
4 7 15724
0 9 15725
4 3 15730
9 7 15733
1 5 15734
9 10 15735
5 1 15736
4 6 15738
2 10 15739
9 6 15740
8 0 15742
0 4 15744
6 7 15745
4 8 15746
7 8 15748
5 1 15750
7 8 15752
4 10 15753
6 7 15756
1 10 15757
4 8 15758
7 0 15759
10 8 15760
10 2 15762
2 4 15763
4 10 15764
3 10 15765
4 9 15766
6 4 15768
1 9 15769
0 6 15772
9 0 15773
1 7 15774
4 3 15776
4 1 15779
1 2 15780
6 1 15782
6 2 15784
9 5 15786
2 10 15787
9 0 15788
1 0 15789
5 6 15790
7 9 15792
8 3 15793
1 10 15797
9 2 15798
9 4 15801
2 6 15802
5 2 15803
9 4 15807
2 0 15812
8 9 15814
7 3 15815
5 8 15816
0 5 15819
5 7 15820
5 3 15821
9 4 15828
7 4 15831
3 8 15832
0 8 15838
3 10 15840
4 3 15841
4 9 15846
3 6 15847
3 0 15848
2 1 15856
8 2 15860
3 8 15861
9 10 15869
5 0 15870
0 4 15871
5 0 15872
0 1 15874
10 1 15876
4 0 15877
4 5 15878
3 0 15879
6 5 15880
9 5 15881
0 5 15882
9 4 15883
8 6 15884
5 4 15887
0 8 15889
10 9 15891
9 1 15893
3 1 15894
4 9 15897
8 5 15901
8 0 15903
6 3 15904
2 1 15905
2 6 15907
7 8 15908
2 3 15909
5 2 15912
2 0 15913
2 8 15916
8 2 15917
1 0 15918
9 5 15920
7 10 15921
1 3 15923
1 6 15924
3 8 15925
0 1 15927
6 4 15930
10 2 15931
2 1 15932
6 0 15933
4 2 15934
8 2 15935
3 0 15937
2 0 15938
0 1 15940
6 1 15941
8 1 15942
0 5 15948
8 2 15950
9 0 15954
10 5 15956
0 8 15957
10 5 15958
5 0 15964
8 6 15965
6 3 15966
4 2 15970
1 6 15971
4 10 15974
3 0 15975
10 3 15977
5 1 15982
6 0 15983
8 9 15984
3 1 15986
6 1 15987
7 10 15990
6 8 15992
6 0 15996
10 0 15998
9 8 15999
0 8 16002
0 3 16005
1 10 16006
10 1 16008
6 8 16009
6 9 16012
1 6 16016
6 3 16017
7 0 16019
2 10 16023
1 7 16024
2 4 16028
2 7 16030
9 4 16031
4 0 16032
7 2 16036
8 2 16037
10 6 16039
0 5 16046
8 3 16047
3 1 16049
8 5 16051
3 0 16054
9 7 16056
6 0 16057
4 1 16059
1 0 16061
4 0 16063
0 4 16065
8 2 16067
8 10 16068
4 10 16071
7 1 16074
9 2 16075
9 1 16077
9 5 16078
4 2 16079
1 4 16080
7 0 16082
4 0 16083
7 0 16084
10 0 16088
0 4 16089
0 2 16090
3 4 16091
0 1 16095
8 0 16096
6 8 16097
4 0 16098
3 4 16099
7 6 16104
10 9 16106
1 0 16107
1 9 16109
1 8 16112
0 5 16114
8 9 16117
4 3 16121
0 1 16122
3 5 16123
3 9 16125
10 9 16126
2 9 16128
0 7 16130
10 2 16131
1 2 16132
8 6 16133
7 9 16142
1 0 16145
8 1 16150
10 3 16151
1 0 16153
9 4 16154
2 1 16155
1 0 16159
10 6 16161
1 10 16162
9 5 16164
0 8 16168
8 7 16171
8 6 16172
10 9 16175
10 4 16178
6 10 16182
2 0 16183
10 0 16184
1 0 16187
6 7 16189
0 7 16190
2 7 16191
9 6 16192
10 3 16195
7 8 16196
5 1 16197
0 2 16199
0 2 16201
7 10 16202
10 9 16204
6 0 16206
8 3 16207
4 5 16212
7 3 16213
3 4 16215
8 0 16216
9 5 16218
8 3 16219
4 6 16220
1 4 16222
2 0 16223
0 4 16224
1 6 16226
5 7 16227
1 4 16228
7 5 16231
6 7 16233
8 2 16235
10 7 16236
6 7 16238
0 7 16239
8 7 16242
7 0 16243
7 6 16244
1 10 16245
6 8 16248
9 5 16249
9 0 16251
10 2 16259
6 3 16260
7 0 16263
8 7 16265
6 1 16266
10 9 16272
7 10 16273
2 7 16274
4 9 16275
10 6 16278
6 3 16281
0 1 16283
0 8 16289
9 7 16291
6 1 16292
9 3 16294
6 5 16295
2 5 16299
1 4 16300
2 3 16301
6 7 16302
3 0 16303
3 0 16305
7 9 16307
10 6 16308
7 1 16311
5 9 16314
8 5 16318
6 8 16319
6 8 16320
3 6 16322
0 9 16323
0 8 16324
7 5 16325
7 0 16327
9 1 16329
3 7 16330
2 7 16332
4 9 16334
9 4 16336
4 10 16339
1 6 16343
8 0 16344
5 4 16346
6 3 16347
1 0 16348
1 7 16352
5 1 16355
7 1 16358
1 6 16359
0 1 16362
4 9 16363
0 7 16364
9 10 16366
7 1 16368
9 6 16369
8 0 16370
1 8 16372
9 2 16373
0 1 16374
8 1 16377
10 7 16381
0 1 16382
0 8 16385
1 0 16386
2 6 16387
9 10 16391
3 0 16392
2 5 16393
10 7 16399
5 2 16400
6 2 16401
0 1 16403
2 3 16405
2 10 16406
5 9 16407
9 10 16408
6 1 16409
9 6 16410
10 4 16412
6 9 16415
8 5 16417
0 5 16418
6 10 16419
3 6 16422
6 9 16423
0 10 16424
10 3 16425
3 1 16426
7 6 16429
6 1 16431
0 4 16433
7 0 16434
9 4 16435
0 3 16438
2 3 16440
1 7 16442
7 4 16443
4 5 16446
8 1 16447
6 4 16449
6 2 16450
2 0 16451
1 7 16452
10 6 16454
1 5 16456
4 3 16460
5 1 16462
0 5 16464
3 0 16466
2 7 16467
6 4 16468
0 2 16469
5 1 16470
0 1 16471
8 5 16472
9 8 16474
8 4 16475
1 4 16476
7 0 16477
0 1 16478
4 2 16480
1 0 16482
5 2 16484
3 9 16485
2 4 16487
9 4 16492
8 10 16493
9 5 16495
10 6 16496
6 2 16504
2 7 16509
5 0 16510
5 1 16511
9 3 16514
9 0 16515
4 10 16516
5 4 16520
2 4 16521
5 4 16522
3 8 16523
8 9 16524
0 5 16528
0 1 16529
5 3 16538
0 3 16539
0 7 16541
8 0 16542
4 10 16543
9 0 16547
1 4 16550
1 9 16551
1 0 16554
5 8 16555
0 2 16559
5 10 16562
10 5 16565
8 5 16566
4 10 16568
3 1 16570
6 3 16572
6 8 16576
5 0 16578
2 4 16581
1 9 16583
7 2 16584
7 5 16588
1 8 16593
3 9 16595
1 9 16599
7 8 16602
9 10 16605
6 0 16610
6 8 16611
9 4 16612
7 1 16613
8 7 16615
6 0 16618
7 5 16619
5 4 16620
2 9 16621
2 6 16622
9 0 16627
5 8 16632
2 8 16637
5 6 16638
1 7 16641
5 7 16642
1 3 16651
10 9 16652
5 7 16653
5 0 16656
1 0 16657
4 8 16658
4 3 16669
8 0 16670
8 5 16671
0 7 16673
9 3 16674
10 7 16675
8 0 16676
6 3 16677
6 0 16678
10 3 16680
9 5 16683
5 3 16688
7 6 16693
6 5 16694
7 5 16695
3 7 16696
2 8 16697
8 0 16698
5 0 16699
7 10 16700
1 0 16701
5 1 16702
10 2 16704
1 7 16705
0 10 16708
4 9 16711
1 2 16713
0 9 16714
0 7 16718
6 2 16720
1 8 16721
10 7 16724
7 0 16725
9 2 16726
9 7 16727
8 10 16728
6 5 16729
10 7 16730
0 5 16732
3 9 16735
9 10 16736
7 10 16737
8 6 16739
0 6 16741
9 6 16742
9 5 16744
2 9 16745
6 0 16748
1 0 16750
1 7 16753
1 3 16755
9 5 16757
2 0 16758
2 1 16763
4 8 16764
1 7 16766
3 4 16769
9 3 16770
0 6 16771
8 1 16772
1 6 16775
10 7 16776
0 1 16777
2 8 16780
9 7 16782
10 1 16789
9 1 16790
9 2 16791
0 10 16793
10 2 16795
4 2 16796
10 9 16798
1 6 16800
5 2 16801
2 3 16802
8 3 16804
3 4 16807
4 3 16809
9 0 16811
10 6 16812
3 4 16819
4 7 16820
10 8 16821
4 0 16822
4 2 16823
9 7 16824
5 1 16825
1 3 16826
2 0 16827
1 4 16828
3 9 16829
8 3 16830
6 2 16831
4 8 16833
8 0 16834
10 6 16838
10 2 16840
1 9 16841
0 10 16842
3 5 16846
5 2 16847
7 0 16848
0 10 16850
8 10 16851
6 9 16852
5 9 16858
7 4 16859
4 3 16862
4 0 16865
9 4 16870
8 6 16873
5 4 16874
10 0 16875
2 4 16877
6 9 16878
9 1 16880
1 4 16882
8 0 16884
6 0 16886
9 6 16890
8 4 16892
2 3 16893
4 6 16899
2 1 16901
7 10 16903
2 10 16904
9 4 16905
4 9 16907
4 0 16908
9 1 16909
5 8 16910
1 0 16911
7 10 16912
0 1 16917
2 4 16919
7 2 16920
4 8 16921
7 8 16923
0 6 16924
4 6 16925
4 9 16926
4 1 16927
7 0 16928
0 3 16930
8 6 16934
10 9 16936
4 3 16937
7 5 16938
0 7 16939
6 10 16940
8 3 16942
1 9 16944
4 1 16945
2 8 16946
9 0 16947
8 10 16949
0 5 16950
3 5 16953
2 0 16954
0 1 16957
5 2 16963
2 9 16966
2 1 16967
10 9 16968
2 6 16972
1 7 16973
1 6 16974
3 7 16975
2 0 16976
0 2 16977
0 4 16978
2 3 16981
3 7 16985
10 7 16987
6 8 16990
2 1 16991
3 1 16992
5 8 16994
10 0 16996
0 2 16997
7 5 16998
9 5 17000
3 6 17005
6 7 17006
6 1 17008
0 1 17011
3 4 17014
8 3 17015
2 0 17016
10 8 17020
4 3 17022
0 3 17024
1 5 17025
5 1 17031
0 3 17032
5 9 17034
1 4 17036
8 1 17039
10 0 17040
5 0 17041
9 8 17043
0 4 17046
1 2 17047
0 10 17050
3 8 17051
6 9 17055
9 10 17056
5 7 17057
7 0 17059
8 7 17062
8 3 17063
9 6 17066
7 6 17067
0 6 17069
5 3 17071
8 0 17072
9 5 17078
9 0 17080
0 1 17084
6 8 17088
10 2 17089
8 2 17091
4 9 17096
7 9 17098
4 7 17099
8 7 17103
3 7 17105
6 3 17107
2 0 17110
5 9 17111
1 6 17112
2 8 17116
6 10 17118
2 6 17119
0 9 17121
9 4 17123
0 5 17124
9 0 17125
5 0 17127
0 1 17129
0 9 17132
4 3 17134
10 5 17136
9 8 17138
1 4 17143
2 7 17144
4 7 17145
2 3 17146
0 9 17149
10 6 17153
5 2 17154
3 7 17156
3 8 17157
10 3 17159
8 3 17161
8 2 17163
9 0 17165
10 2 17166
0 2 17167
0 5 17169
7 1 17171
8 0 17173
2 0 17174
5 2 17175
0 4 17176
4 1 17177
9 6 17180
0 9 17181
0 10 17187
2 1 17190
3 6 17193
7 3 17195
6 10 17196
1 0 17197
10 0 17200
2 6 17203
4 5 17204
10 6 17205
0 10 17206
8 9 17209
5 10 17211
9 0 17212
9 2 17214
6 5 17217
10 5 17220
9 5 17228
6 9 17229
3 7 17230
0 1 17231
6 3 17232
8 9 17233
4 9 17234
1 3 17236
1 10 17238
8 7 17239
0 4 17245
10 8 17247
7 4 17248
2 0 17252
0 2 17255
8 7 17256
9 0 17257
2 10 17261
3 7 17265
0 8 17268
9 3 17271
5 6 17273
0 5 17275
0 6 17277
4 2 17279
7 9 17280
3 0 17281
4 10 17283
2 3 17284
6 8 17288
5 4 17292
0 7 17294
10 9 17295
8 0 17297
9 7 17299
10 3 17300
5 9 17301
0 3 17302
4 3 17304
4 9 17305
7 0 17307
8 6 17310
10 1 17312
6 0 17316
7 9 17317
6 3 17322
8 9 17324
1 4 17325
9 4 17328
5 7 17332
10 5 17333
7 8 17336
1 2 17337
2 0 17339
0 10 17340
4 3 17341
0 1 17342
3 6 17344
6 9 17348
2 7 17350
7 0 17352
10 3 17354
2 3 17358
0 9 17360
1 2 17362
3 10 17366
10 8 17367
4 7 17368
0 4 17369
9 5 17370
4 6 17371
7 10 17379
5 6 17380
6 0 17381
9 8 17385
7 0 17386
5 10 17388
0 1 17389
1 3 17398
7 9 17399
2 9 17401
4 3 17405
0 3 17406
0 7 17407
2 3 17408
9 5 17409
6 4 17410
1 0 17412
8 0 17413
0 8 17420
10 6 17424
2 8 17427
2 6 17429
0 5 17430
1 0 17431
1 7 17432
5 10 17434
1 0 17450
5 8 17452
10 7 17454
9 3 17456
10 9 17461
1 9 17462
0 4 17463
3 0 17464
8 3 17466
3 6 17467
4 9 17469
8 7 17470
10 7 17474
1 8 17478
9 7 17479
8 4 17480
0 1 17484
5 3 17487
1 4 17488
2 6 17491
10 9 17492
0 7 17495
3 4 17496
9 10 17498
5 9 17499
0 4 17500
4 0 17501
6 9 17502
10 1 17503
8 1 17504
2 10 17505
4 1 17508
0 10 17509
8 10 17511
7 3 17513
3 7 17514
0 5 17518
10 2 17522
3 0 17524
5 7 17526
2 9 17527
10 8 17531
1 2 17533
10 6 17535
7 8 17536
6 10 17537
2 0 17538
3 5 17540
1 7 17541
0 3 17542
2 0 17543
0 6 17544
2 9 17545
7 0 17549
8 10 17551
2 5 17553
0 4 17555
1 2 17556
5 2 17558
0 4 17559
0 7 17564
4 2 17566
2 1 17567
6 4 17569
6 5 17570
10 1 17574
2 0 17583
0 8 17584
8 2 17589
0 9 17590
4 8 17591
5 1 17594
10 9 17596
9 10 17598
10 9 17599
1 0 17600
8 0 17601
10 8 17602
8 0 17603
3 6 17604
5 6 17606
7 4 17608
4 2 17609
5 7 17613
4 7 17614
9 4 17615
0 2 17619
7 5 17621
5 0 17624
5 8 17625
10 8 17629
4 1 17630
10 5 17632
10 9 17633
1 0 17634
7 5 17635
0 2 17636
0 6 17639
4 7 17640
3 6 17641
9 0 17644
6 2 17648
1 3 17650
1 8 17652
8 7 17653
8 0 17654
5 0 17656
2 3 17657
0 1 17658
3 1 17661
2 7 17663
7 1 17665
10 6 17669
8 2 17670
9 2 17671
7 3 17672
0 7 17674
5 6 17675
10 0 17676
0 3 17680
0 4 17684
8 4 17685
6 5 17687
3 5 17689
8 10 17690
8 6 17696
9 0 17698
0 2 17703
4 9 17704
1 7 17706
7 6 17708
0 10 17709
5 7 17710
7 0 17711
3 7 17712
6 3 17713
7 0 17715
5 2 17720
5 8 17724
10 2 17725
4 3 17727
9 4 17730
1 4 17732
8 3 17733
5 1 17734
4 9 17741
0 3 17743
4 8 17745
3 8 17751
0 7 17753
4 0 17755
10 7 17761
10 9 17764
10 0 17767
2 9 17768
9 3 17772
7 0 17775
7 8 17777
4 2 17779
2 1 17780
1 7 17781
7 3 17783
4 1 17784
0 10 17785
10 7 17787
9 1 17788
0 8 17789
4 2 17790
6 2 17791
6 10 17792
1 7 17795
2 0 17796
3 9 17797
3 1 17802
5 8 17803
2 1 17804
6 0 17805
3 10 17806
4 10 17807
6 3 17809
8 1 17815
7 5 17816
8 6 17821
7 9 17822
6 0 17823
6 10 17826
8 0 17827
3 7 17829
6 3 17830
8 3 17831
7 0 17834
4 5 17838
5 10 17839
9 2 17842
4 1 17843
5 6 17844
8 0 17846
8 0 17848
0 2 17850
4 8 17853
9 5 17854
1 0 17855
0 6 17857
0 1 17858
7 10 17859
6 3 17861
1 0 17862
4 2 17864
3 4 17865
7 1 17866
2 4 17870
2 4 17872
10 5 17874
2 9 17875
3 1 17877
6 3 17878
0 5 17881
6 0 17882
7 5 17883
8 0 17884
2 7 17885
6 2 17888
9 1 17890
3 5 17891
5 9 17892
4 5 17893
10 0 17896
10 1 17897
1 5 17898
1 7 17899
0 1 17902
0 2 17905
5 7 17906
10 8 17908
9 4 17910
10 8 17913
0 3 17915
4 10 17917
5 9 17918
6 8 17919
0 9 17921
8 10 17923
7 6 17924
7 5 17925
2 0 17927
9 3 17928
7 0 17929
3 2 17930
4 5 17932
2 5 17933
1 4 17936
7 0 17937
5 6 17938
5 4 17939
1 9 17941
6 9 17942
7 0 17944
2 0 17945
5 2 17947
6 1 17948
3 5 17951
7 10 17952
6 10 17957
3 7 17958
7 0 17965
4 0 17967
0 2 17970
8 2 17971
10 0 17972
7 6 17974
6 8 17977
0 3 17984
6 8 17985
10 0 17988
6 1 17989
0 2 17992
6 0 17995
7 2 17996
8 2 17997
9 8 18004
4 7 18008
4 10 18009
7 9 18010
8 9 18011
8 3 18012
4 0 18013
9 0 18015
5 3 18017
2 9 18018
8 1 18019
4 2 18020
9 6 18022
0 2 18024
4 6 18025
0 6 18026
9 0 18028
4 0 18030
6 0 18031
2 10 18033
4 7 18034
7 10 18035
7 8 18036
2 9 18037
0 3 18040
9 4 18046
2 7 18047
7 0 18049
8 7 18051
1 7 18053
1 3 18054
7 9 18055
8 0 18056
9 2 18057
9 1 18059
1 6 18060
3 5 18061
0 4 18062
3 9 18065
3 10 18066
9 4 18067
3 2 18068
4 1 18070
9 10 18071
1 4 18072
4 6 18073
10 8 18074
0 5 18076
9 1 18077
9 7 18079
7 0 18080
3 2 18081
9 1 18082
2 3 18083
2 8 18085
10 3 18086
7 10 18088
0 1 18089
9 3 18091
5 10 18093
7 5 18097
9 5 18098
1 2 18100
1 7 18104
0 3 18106
3 9 18107
2 8 18115
0 4 18116
0 8 18119
2 3 18121
4 5 18125
0 3 18126
10 5 18127
0 9 18129
2 5 18130
2 1 18131
0 9 18132
8 0 18138
2 8 18139
5 6 18140
8 6 18141
2 4 18143
5 6 18144
6 7 18149
4 8 18152
8 6 18153
7 9 18155
7 0 18157
2 4 18159
5 10 18162
1 8 18163
0 8 18168
5 2 18171
7 4 18174
4 8 18176
0 8 18177
0 3 18178
0 7 18182
10 3 18183
6 5 18185
6 8 18187
1 4 18188
0 4 18193
5 2 18194
2 1 18196
9 0 18201
4 1 18203
0 9 18206
7 8 18209
10 7 18211
2 4 18215
10 3 18217
0 5 18221
10 7 18224
2 1 18226
10 1 18227
8 10 18228
5 0 18230
9 10 18231
10 3 18232
6 0 18234
6 7 18239
4 9 18240
0 5 18244
0 9 18246
5 10 18248
7 2 18253
6 0 18254
7 5 18258
10 4 18260
9 8 18261
10 3 18262
3 6 18263
5 3 18264
10 9 18265
0 10 18266
7 3 18267
9 0 18268
0 3 18271
1 4 18273
5 8 18275
0 5 18278
3 4 18279
2 1 18281
9 1 18284
9 6 18285
5 8 18289
0 10 18290
9 8 18293
9 4 18294
3 6 18295
4 3 18296
9 8 18298
9 2 18300
2 5 18303
7 6 18309
10 6 18311
9 0 18312
5 7 18318
5 1 18321
4 6 18323
4 6 18325
8 9 18327
9 10 18328
0 2 18329
6 3 18332
6 5 18333
6 0 18336
5 6 18341
3 2 18343
6 0 18344
4 7 18348
10 0 18349
7 8 18354
2 7 18355
1 0 18356
8 5 18357
0 8 18359
2 9 18361
0 9 18363
7 3 18365
10 3 18366
0 8 18368
8 2 18369
3 9 18372
4 3 18373
5 3 18374
3 0 18375
9 0 18376
0 10 18378
2 3 18380
9 1 18382
3 9 18383
4 10 18389
0 10 18395
9 0 18396
10 7 18399
9 0 18400
9 4 18401
2 1 18402
9 5 18403
1 10 18405
8 7 18409
3 6 18411
1 8 18412
7 9 18417
9 0 18418
6 0 18421
3 2 18423
3 0 18425
1 0 18427
8 2 18430
0 7 18432
0 2 18433
9 1 18434
0 4 18435
2 6 18437
0 1 18438
5 6 18439
9 1 18440
6 9 18442
4 9 18443
1 10 18445
2 5 18446
9 2 18448
2 9 18449
7 0 18453
0 4 18455
8 7 18459
5 8 18460
10 9 18461
4 3 18467
9 4 18469
5 9 18471
3 0 18472
7 0 18473
2 8 18476
7 0 18477
8 7 18480
2 9 18481
6 7 18482
2 0 18483
3 1 18485
2 7 18491
4 1 18492
8 1 18493
5 8 18495
0 9 18496
5 9 18499
3 5 18504
3 6 18505
6 2 18506
5 3 18510
8 9 18512
5 7 18514
0 1 18515
5 6 18517
0 4 18523
9 1 18525
10 1 18526
4 1 18527
8 3 18531
10 1 18533
10 0 18534
3 6 18539
9 3 18544
5 2 18545
0 1 18546
3 5 18550
3 4 18551
2 6 18552
2 9 18553
2 3 18554
7 6 18555
10 0 18556
3 0 18558
6 0 18559
4 0 18560
3 8 18561
6 5 18563
6 3 18564
8 3 18567
8 7 18570
1 5 18571
9 5 18574
3 4 18577
5 1 18582
0 9 18583
1 2 18587
2 0 18588
8 4 18589
1 9 18591
7 4 18594
10 0 18595
8 7 18599
7 4 18600
7 8 18601
10 0 18602
8 5 18603
7 1 18604
9 1 18605
2 4 18606
2 1 18613
5 10 18614
2 10 18616
6 2 18617
7 8 18619
0 6 18621
1 2 18629
2 6 18631
10 5 18632
5 7 18634
3 9 18636
9 3 18639
1 7 18640
5 7 18646
10 8 18648
0 10 18649
2 6 18652
5 1 18654
8 3 18656
9 10 18657
5 4 18658
6 2 18659
3 10 18662
3 0 18663
9 5 18664
9 0 18666
2 4 18671
9 7 18673
2 8 18674
2 0 18675
1 7 18677
3 4 18680
4 8 18684
2 3 18685
8 3 18687
5 0 18688
0 6 18689
4 5 18690
3 8 18692
6 8 18694
5 2 18696
5 9 18701
5 7 18702
5 1 18706
1 7 18708
0 9 18709
3 2 18710
7 10 18711
8 7 18712
9 5 18715
9 10 18716
1 7 18717
0 2 18718
4 1 18719
9 4 18721
0 7 18722
4 6 18724
2 5 18726
3 7 18727
0 10 18728
10 8 18731
3 9 18732
10 5 18733
4 2 18734
8 3 18736
0 10 18739
4 8 18741
1 7 18742
7 6 18743
5 6 18745
2 1 18746
0 10 18749
4 9 18750
6 8 18752
5 8 18755
0 8 18759
7 3 18760
0 3 18764
8 10 18765
3 0 18771
4 3 18772
5 3 18775
9 8 18776
0 2 18780
6 4 18783
0 9 18784
8 10 18787
4 0 18794
6 4 18798
0 1 18799
8 6 18803
3 1 18804
7 8 18810
0 3 18811
7 9 18813
0 9 18814
10 6 18815
4 9 18816
6 10 18817
5 10 18818
6 8 18823
9 6 18824
7 9 18825
8 10 18828
8 5 18830
0 6 18831
10 0 18832
7 0 18833
8 4 18835
5 10 18836
9 2 18837
6 0 18838
9 8 18840
9 3 18841
8 6 18843
0 10 18845
10 8 18846
8 5 18847
8 3 18849
4 3 18851
2 1 18852
6 7 18855
1 10 18856
7 9 18857
10 6 18858
1 0 18860
5 2 18862
6 0 18863
3 5 18865
4 8 18866
0 1 18867
7 10 18870
4 5 18871
1 7 18872
6 5 18876
10 0 18878
5 10 18879
3 8 18880
1 7 18882
3 10 18883
4 8 18884
3 4 18885
7 5 18886
8 5 18888
8 4 18889
4 0 18892
0 10 18897
2 10 18899
8 3 18900
10 4 18901
8 10 18905
3 0 18906
9 4 18907
2 10 18908
5 9 18909
2 0 18912
2 5 18916
6 10 18918
2 8 18919
1 9 18923
9 0 18924
3 9 18926
6 5 18927
6 1 18928
0 2 18929
10 0 18931
10 3 18932
5 1 18933
5 2 18934
2 9 18939
0 6 18940
10 2 18942
6 1 18945
4 1 18949
9 3 18950
5 0 18954
5 8 18955
9 8 18956
7 1 18957
8 0 18960
2 7 18962
0 9 18964
1 0 18966
2 6 18967
8 6 18968
3 0 18969
5 0 18971
8 5 18973
9 2 18977
0 1 18978
1 9 18979
1 8 18980
10 2 18982
0 2 18985
1 0 18989
0 7 18990
4 3 18991
10 3 18992
2 4 18993
3 2 18995
7 2 18996
7 10 19000
0 2 19001
5 7 19005
10 3 19007
0 1 19008
2 7 19009
9 4 19011
0 5 19012
9 10 19014
10 7 19016
10 3 19019
10 6 19022
9 5 19023
1 3 19025
7 0 19028
6 9 19031
7 8 19032
6 0 19034
8 2 19035
5 10 19036
7 8 19037
5 4 19045
4 9 19046
0 5 19047
9 0 19048
6 9 19052
6 8 19054
8 2 19056
7 0 19057
4 2 19058
7 8 19064
0 2 19068
7 6 19072
6 0 19075
4 0 19076
3 6 19079
8 2 19080
3 0 19081
5 6 19082
5 4 19084
6 5 19086
8 1 19087
4 10 19094
1 2 19095
9 0 19097
3 7 19099
7 1 19100
4 1 19101
7 6 19102
7 1 19105
8 5 19106
1 5 19107
5 9 19109
6 5 19110
0 9 19111
1 10 19112
0 10 19114
2 3 19117
6 0 19118
6 10 19122
4 2 19123
10 6 19124
5 1 19126
1 10 19128
9 0 19129
8 4 19130
9 10 19131
7 6 19134
6 3 19137
5 6 19138
2 9 19141
1 9 19144
4 8 19148
4 0 19152
0 10 19153
7 3 19154
8 2 19155
4 9 19161
3 4 19162
10 6 19164
3 4 19165
9 4 19166
5 2 19168
5 2 19169
0 3 19170
0 6 19171
5 7 19172
8 0 19173
4 9 19174
1 5 19175
1 9 19179
7 4 19182
8 1 19183
1 6 19186
3 0 19188
7 2 19193
0 9 19194
2 10 19196
6 9 19198
8 10 19199
7 2 19202
3 7 19204
9 4 19205
3 0 19207
7 0 19209
2 6 19211
3 8 19213
7 2 19214
0 7 19215
10 5 19217
7 8 19218
8 3 19220
1 9 19222
8 6 19223
0 2 19225
8 10 19229
6 2 19232
0 10 19233
7 0 19234
0 9 19235
9 4 19236
5 0 19240
8 9 19241
4 8 19242
0 4 19243
5 6 19245
10 2 19248
1 2 19249
6 0 19250
7 5 19251
5 8 19252
0 4 19253
8 7 19255
3 9 19256
0 8 19257
9 6 19258
7 0 19260
3 10 19261
2 9 19263
0 10 19264
2 1 19265
3 4 19268
2 7 19272
0 2 19273
10 0 19274
0 1 19276
6 1 19277
3 7 19280
2 1 19281
9 2 19282
4 8 19283
1 10 19284
6 8 19285
9 7 19287
0 5 19288
0 10 19290
6 10 19291
9 0 19293
7 2 19295
8 7 19298
4 1 19300
0 2 19301
5 0 19305
10 8 19306
6 0 19307
10 8 19310
2 1 19311
6 5 19312
10 4 19313
9 1 19318
7 10 19320
3 1 19321
10 6 19324
8 6 19326
0 6 19327
8 5 19329
0 7 19330
2 10 19335
0 7 19337
9 6 19338
6 7 19341
6 9 19343
10 2 19346
10 7 19347
2 0 19348
0 8 19352
2 1 19354
9 7 19355
10 9 19361
9 4 19366
6 9 19367
0 8 19368
3 2 19369
3 0 19371
0 10 19373
8 9 19374
1 8 19375
2 8 19376
0 2 19377
3 9 19378
1 9 19379
10 1 19383
0 1 19384
0 5 19385
7 0 19387
2 4 19388
10 7 19390
10 8 19391
3 4 19393
0 7 19395
8 1 19397
0 9 19399
0 3 19401
10 5 19402
0 8 19405
4 5 19406
0 8 19407
3 5 19408
10 7 19411
3 7 19413
3 5 19414
6 9 19415
1 3 19416
8 2 19418
0 2 19420
4 5 19421
8 5 19422
6 1 19423
10 6 19429
1 5 19430
7 8 19433
6 4 19434
5 7 19435
5 2 19436
0 8 19439
6 2 19440
9 2 19441
7 10 19443
10 0 19444
7 9 19446
0 1 19447
6 1 19449
4 10 19451
5 4 19453
5 0 19454
8 6 19455
5 3 19457
3 4 19458
8 0 19459
6 0 19464
0 5 19466
8 3 19468
1 2 19471
3 1 19473
6 0 19475
10 3 19476
2 8 19478
8 9 19479
1 7 19480
10 0 19482
8 3 19486
0 4 19488
4 7 19489
10 8 19493
0 2 19495
3 0 19498
2 7 19499
0 3 19500
6 8 19502
3 9 19505
7 4 19506
1 10 19508
7 3 19509
3 10 19511
0 5 19512
5 4 19514
10 6 19516
5 9 19517
9 1 19525
0 6 19528
8 9 19529
3 2 19530
4 2 19532
4 6 19533
4 0 19535
8 2 19536
5 4 19537
5 0 19542
9 2 19543
10 3 19544
3 4 19545
1 3 19548
3 8 19550
0 7 19552
10 0 19553
8 2 19554
8 9 19555
7 9 19556
7 4 19558
2 1 19559
7 9 19562
8 9 19565
7 6 19566
5 2 19567
7 0 19571
0 5 19573
7 10 19576
1 4 19577
9 10 19578
1 10 19582
6 1 19583
4 8 19584
6 10 19586
1 8 19587
8 0 19588
5 2 19590
7 2 19591
4 10 19594
7 9 19597
2 5 19599
9 0 19600
7 1 19601
9 6 19602
6 0 19604
0 6 19607
6 10 19608
7 0 19611
0 2 19613
5 9 19614
3 8 19616
2 1 19617
10 6 19618
9 3 19619
7 6 19621
5 0 19622
10 6 19624
7 9 19627
5 8 19628
2 1 19631
6 2 19632
9 2 19634
5 7 19635
2 4 19637
9 0 19639
0 8 19642
0 4 19643
10 1 19644
0 2 19651
5 9 19652
4 9 19653
7 8 19663
10 0 19666
6 8 19667
6 4 19668
0 5 19671
10 1 19679
7 8 19680
6 7 19682
10 3 19686
4 1 19687
7 8 19689
9 6 19690
4 0 19691
1 0 19693
6 0 19696
6 7 19701
1 8 19705
1 6 19710
5 8 19712
4 8 19713
9 7 19714
9 7 19716
6 4 19721
1 6 19723
0 4 19726
2 4 19727
9 5 19728
9 0 19731
3 9 19734
7 10 19735
6 3 19736
8 9 19737
9 2 19739
2 0 19740
3 0 19743
1 2 19745
0 8 19746
1 6 19747
6 3 19748
7 8 19750
3 8 19751
2 8 19755
0 1 19756
6 2 19758
2 0 19760
8 3 19761
3 8 19762
4 8 19767
2 4 19770
8 7 19771
9 0 19772
9 2 19776
8 6 19778
7 0 19781
0 3 19785
7 3 19786
6 10 19787
5 9 19791
6 8 19792
0 8 19793
1 6 19796
6 2 19798
8 10 19799
8 4 19800
10 0 19801
7 2 19804
7 3 19806
9 3 19807
3 9 19809
3 2 19810
9 6 19814
0 3 19815
1 7 19816
9 3 19818
0 3 19822
6 8 19823
8 9 19824
4 0 19827
8 6 19828
9 10 19829
5 0 19831
7 9 19832
9 8 19833
0 5 19836
0 8 19837
3 1 19838
0 3 19839
6 9 19840
10 7 19841
3 10 19842
0 9 19844
7 1 19851
3 8 19852
2 8 19858
4 0 19869
1 2 19870
6 10 19874
1 3 19875
0 8 19878
7 0 19880
1 8 19881
4 1 19883
0 8 19887
6 3 19888
0 2 19889
10 4 19891
9 2 19893
8 3 19894
5 10 19896
3 10 19898
5 2 19899
5 10 19900
5 9 19903
1 4 19908
0 7 19910
1 7 19912
10 5 19913
1 9 19915
7 4 19916
3 5 19918
1 6 19919
7 5 19920
7 0 19924
10 1 19925
0 4 19926
9 6 19930
8 7 19932
3 6 19938
6 10 19939
6 5 19940
0 6 19944
5 1 19945
8 9 19946
3 6 19948
10 0 19949
6 8 19954
1 0 19955
4 0 19956
5 8 19958
5 2 19960
4 8 19961
8 10 19962
4 3 19968
9 4 19972
5 0 19978
5 2 19982
0 7 19983
5 4 19985
6 9 19988
2 10 19990
7 2 19991
5 10 19992
0 1 19994
5 2 19995
0 7 19999
10 1 20001
8 5 20002
2 7 20009
1 2 20011
4 3 20014
9 5 20015
9 7 20020
6 5 20024
6 0 20025
0 7 20029
5 6 20030
7 8 20032
9 4 20034
7 6 20036
10 0 20037
1 6 20038
0 2 20040
8 3 20042
9 5 20046
0 3 20047
2 0 20050
9 0 20052
8 0 20053
3 10 20056
0 5 20057
9 7 20058
10 9 20062
3 6 20064
3 5 20067
0 5 20068
6 5 20069
1 9 20071
3 0 20073
4 8 20075
1 10 20077
7 0 20082
8 3 20086
6 4 20087
2 5 20089
1 0 20090
6 7 20091
6 0 20093
8 7 20094
4 7 20095
7 0 20096
3 7 20097
6 2 20099
6 1 20101
7 8 20102
5 0 20103
10 4 20108
7 0 20110
7 3 20111
3 8 20112
7 1 20115
3 8 20117
8 6 20119
4 10 20120
1 5 20124
0 7 20128
9 7 20130
6 8 20132
3 0 20133
6 5 20136
0 1 20138
4 8 20141
0 6 20142
3 10 20149
0 6 20151
3 0 20155
9 4 20156
8 5 20157
1 0 20160
1 10 20162
0 2 20163
3 8 20166
7 1 20169
3 7 20173
0 9 20175
0 6 20176
8 2 20179
10 2 20182
5 3 20185
5 0 20187
9 3 20188
3 6 20189
4 5 20190
7 6 20193
4 7 20194
0 8 20195
3 4 20196
0 7 20197
6 4 20199
7 5 20204
5 2 20205
2 0 20208
2 10 20210
9 10 20211
5 1 20213